!
! Model atmospheres, synthetic spectra and photometry
! Baraffe, Homeier, Allard, Chabrier 2015, accepted by A&A:
! "New evolutionary models for pre-main sequence and main sequence low-mass stars down to the hydrogen-burning limit"
!
! Isochrones of the models from:
!
! Chabrier, Baraffe, Allard, Hauschildt, 2000, ApJ 542, 464
! "Evolutionary models for very-low-mass stars and brown dwarfs with dusty atmospheres"
! Baraffe, Chabrier, Allard, Hauschildt, 2002, A&A 382, 563
! "Evolutionary models for low-mass stars and brown dwarfs: uncertainties and limits at very young ages"
!
! logL: log L/Lsun
! radius : R/Rsun
! Li_Li0: ratio of photospheric lithium abundance to initial abundance
!
! photospheric magnitudes for SPHERE_IRDIS filter transmissions from Nov. 2014 (A. Vigan, priv. comm.)
! + atmospheric transmission for Paranal at 1.0mm H2O, airmass=1.0 from VISTA calibration
!
!Teff log g [M/H]  R/Rs D[pc] B_Y     B_J     B_H     B_Ks    B_ND-H  D_Y2    D_Y3    D_J2    D_J3    D_H2    D_H3    D_H4    D_K1    D_K2    N_BrG   N_CO    N_CntH  N_CntJ  N_CntK1 N_CntK2 N_FeII  N_H2    N_HeI   N_PaB    J-H    H-Ks  (SPHERE IRDIS)
!  absolute magnitudes for isochronal radii
!


!-----------------------------------------------------------------------------------------------------------------------------------------------------------------------------------------------------------------------------------------------
!  t (Gyr) =   0.001
!-----------------------------------------------------------------------------------------------------------------------------------------------------------------------------------------------------------------------------------------------
!    mass     Teff    logL   logg  radius  Li_Li0     B_Y     B_J     B_H    B_Ks  B_ND-H    D_Y2    D_Y3    D_J2    D_J3    D_H2    D_H3    D_H4    D_K1    D_K2   N_BrG    N_CO  N_CntH  N_CntJ  N_CntK1  N_CntK2  N_FeII    N_H2   N_HeI   N_PaB 
  0.0010    942.0  -4.720  3.000   0.166   1.000  15.451  14.728  13.817  13.690  13.807  15.520  15.088  15.240  14.047  13.470  13.356  13.956  13.419  13.976  13.356  14.247  13.654  14.615   13.453   14.030  13.261  13.347  15.014  14.015 
  0.0020   1285.0  -4.140  3.260   0.174   1.000  14.936  13.936  12.517  11.490  12.509  15.059  14.681  14.141  13.616  12.434  12.249  12.287  11.527  11.374  11.326  11.441  12.535  13.926   11.594   11.341  12.276  11.459  14.619  13.543 
  0.0030   1553.0  -3.750  3.370   0.187   1.000  15.173  13.849  12.270  10.972  12.261  15.337  14.921  14.212  13.572  12.354  12.046  11.945  11.123  10.806  10.924  10.757  12.444  14.018   11.181   10.764  12.130  11.089  14.780  13.463 
  0.0040   1747.0  -3.480  3.440   0.200   1.000  13.747  12.293  11.039  10.076  11.028  13.876  13.490  12.882  11.863  11.113  10.597  10.759  10.277   9.847   9.980   9.832  11.287  12.464   10.379    9.791  10.717  10.215  13.155  11.731 
  0.0050   1901.0  -3.270  3.470   0.215   1.000  12.245  11.094  10.296   9.585  10.286  12.314  12.021  11.602  10.693  10.326   9.840  10.067   9.793   9.344   9.474   9.337  10.503  11.183    9.907    9.287   9.946   9.720  11.648  10.574 
  0.0060   2004.0  -3.130  3.500   0.228   1.000  11.731  10.653   9.931   9.265   9.922  11.811  11.497  11.081  10.289   9.953   9.497   9.710   9.475   9.027   9.160   9.014  10.118  10.713    9.586    8.969   9.596   9.403  11.153  10.175 
  0.0070   2098.0  -3.000  3.510   0.242   1.000  11.102  10.175   9.581   8.990   9.572  11.165  10.888  10.537   9.846   9.592   9.173   9.378   9.188   8.760   8.887   8.747   9.744  10.214    9.293    8.705   9.264   9.120  10.572   9.739 
  0.0080   2159.0  -2.890  3.520   0.258   1.000  10.731   9.863   9.296   8.734   9.288  10.797  10.522  10.174   9.560   9.301   8.912   9.099   8.924   8.513   8.635   8.498   9.440   9.892    9.023    8.460   8.997   8.859  10.237   9.458 
  0.0100   2240.0  -2.820  3.600   0.261   1.000  10.448   9.641   9.100   8.578   9.093  10.526  10.240   9.899   9.368   9.103   8.744   8.915   8.756   8.368   8.485   8.351   9.229   9.661    8.848    8.316   8.822   8.698   9.993   9.269 
  0.0120   2337.0  -2.690  3.630   0.278   1.000  10.053   9.307   8.791   8.305   8.784  10.134   9.851   9.524   9.061   8.791   8.462   8.616   8.475   8.106   8.218   8.087   8.906   9.323    8.558    8.056   8.535   8.420   9.641   8.968 
  0.0150   2450.0  -2.520  3.630   0.309   1.000   9.571   8.889   8.392   7.939   8.385   9.656   9.375   9.066   8.671   8.393   8.096   8.225   8.095   7.755   7.863   7.732   8.494   8.904    8.168    7.708   8.164   8.049   9.206   8.583 
  0.0200   2544.0  -2.480  3.790   0.297   1.000   9.468   8.825   8.323   7.902   8.318   9.555   9.282   8.979   8.627   8.322   8.053   8.168   8.047   7.730   7.829   7.708   8.413   8.840    8.115    7.685   8.113   8.006   9.139   8.542 
  0.0300   2703.0  -2.130  3.720   0.398   1.000   8.543   7.958   7.458   7.078   7.452   8.629   8.367   8.083   7.787   7.460   7.220   7.312   7.213   6.923   7.018   6.896   7.539   7.977    7.270    6.880   7.276   7.180   8.264   7.708 
  0.0400   2792.0  -1.920  3.690   0.475   1.000   8.012   7.450   6.942   6.590   6.937   8.095   7.844   7.566   7.291   6.945   6.717   6.801   6.719   6.441   6.534   6.414   7.019   7.472    6.773    6.399   6.769   6.691   7.753   7.215 
  0.0500   2846.0  -1.730  3.630   0.569   1.000   7.541   6.988   6.472   6.140   6.467   7.623   7.375   7.101   6.832   6.474   6.245   6.332   6.271   5.990   6.085   5.963   6.550   7.009    6.325    5.948   6.296   6.243   7.288   6.757 
  0.0550   2870.0  -1.650  3.600   0.614   1.000   7.342   6.793   6.273   5.951   6.268   7.424   7.176   6.904   6.638   6.275   6.045   6.133   6.082   5.800   5.896   5.772   6.351   6.814    6.136    5.756   6.096   6.055   7.091   6.563 
  0.0600   2893.0  -1.570  3.580   0.658   1.000   7.159   6.614   6.091   5.777   6.086   7.240   6.995   6.724   6.461   6.094   5.864   5.952   5.909   5.626   5.723   5.599   6.170   6.635    5.962    5.583   5.914   5.882   6.911   6.386 
  0.0700   2921.0  -1.450  3.540   0.745   1.000   6.848   6.308   5.778   5.473   5.773   6.928   6.686   6.417   6.157   5.780   5.551   5.639   5.604   5.323   5.419   5.296   5.856   6.329    5.658    5.280   5.600   5.578   6.604   6.082 
  0.0720   2925.0  -1.420  3.530   0.764   1.000   6.788   6.248   5.716   5.412   5.711   6.868   6.625   6.356   6.097   5.717   5.489   5.577   5.544   5.262   5.358   5.236   5.794   6.269    5.597    5.219   5.538   5.518   6.544   6.023 
  0.0750   2932.0  -1.390  3.520   0.786   1.000   6.716   6.177   5.642   5.341   5.637   6.796   6.554   6.285   6.027   5.643   5.415   5.503   5.472   5.191   5.286   5.165   5.719   6.199    5.525    5.148   5.463   5.446   6.473   5.953 
  0.0800   2941.0  -1.340  3.500   0.829   1.000   6.588   6.049   5.509   5.212   5.504   6.667   6.426   6.158   5.900   5.510   5.282   5.371   5.343   5.063   5.158   5.037   5.587   6.071    5.397    5.020   5.330   5.317   6.346   5.826 
  0.0900   2968.0  -1.250  3.480   0.907   1.000   6.356   5.820   5.266   4.979   5.261   6.434   6.196   5.928   5.673   5.266   5.040   5.129   5.109   4.831   4.924   4.807   5.344   5.843    5.162    4.789   5.086   5.083   6.117   5.599 
  0.1000   2998.0  -1.160  3.450   0.982   1.000   6.144   5.611   5.040   4.765   5.035   6.222   5.986   5.718   5.466   5.039   4.814   4.903   4.893   4.618   4.708   4.596   5.118   5.635    4.946    4.576   4.859   4.868   5.909   5.393 


!-----------------------------------------------------------------------------------------------------------------------------------------------------------------------------------------------------------------------------------------------
!  t (Gyr) =   0.005
!-----------------------------------------------------------------------------------------------------------------------------------------------------------------------------------------------------------------------------------------------
!    mass     Teff    logL   logg  radius  Li_Li0     B_Y     B_J     B_H    B_Ks  B_ND-H    D_Y2    D_Y3    D_J2    D_J3    D_H2    D_H3    D_H4    D_K1    D_K2   N_BrG    N_CO  N_CntH  N_CntJ  N_CntK1  N_CntK2  N_FeII    N_H2   N_HeI   N_PaB 
  0.0020    901.0  -4.920  3.430   0.143   1.000  15.739  15.043  14.608  14.388  14.600  15.825  15.326  15.769  14.246  14.046  14.469  15.024  13.974  15.050  14.084  15.350  14.075  14.900   13.952   15.163  14.207  13.932  15.228  14.224 
  0.0030   1098.0  -4.550  3.580   0.148   1.000  15.121  14.317  13.243  13.033  13.234  15.210  14.820  14.632  13.784  12.962  12.840  13.294  12.815  13.228  12.731  13.478  13.104  14.191   12.850   13.259  12.792  12.746  14.742  13.732 
  0.0040   1263.0  -4.280  3.680   0.152   1.000  14.881  13.987  12.714  11.969  12.705  14.988  14.622  14.193  13.612  12.564  12.386  12.569  11.926  11.929  11.747  12.065  12.678  13.925   11.990   11.909  12.397  11.852  14.563  13.546 
  0.0050   1413.0  -4.060  3.750   0.157   1.000  15.030  13.948  12.526  11.446  12.520  15.183  14.784  14.173  13.691  12.521  12.332  12.273  11.504  11.346  11.342  11.363  12.592  14.009   11.550   11.316  12.375  11.462  14.706  13.603 
  0.0060   1543.0  -3.890  3.800   0.161   1.000  14.905  13.717  12.296  11.112  12.289  15.074  14.654  14.002  13.461  12.343  12.090  12.015  11.233  10.967  11.050  10.934  12.421  13.829   11.285   10.929  12.157  11.197  14.532  13.358 
  0.0070   1668.0  -3.730  3.840   0.166   1.000  14.504  13.104  11.647  10.578  11.637  14.682  14.236  13.550  12.750  11.712  11.276  11.370  10.740  10.382  10.480  10.374  11.852  13.255   10.825   10.333  11.382  10.686  14.015  12.622 
  0.0080   1786.0  -3.580  3.870   0.171   1.000  13.314  12.065  11.027  10.227  11.018  13.437  13.066  12.558  11.667  11.059  10.591  10.807  10.394  10.020  10.108  10.031  11.223  12.169   10.492    9.969  10.695  10.329  12.736  11.540 
  0.0100   1872.0  -3.440  3.910   0.183   1.000  12.730  11.536  10.644   9.929  10.634  12.856  12.476  12.000  11.152  10.666  10.203  10.436  10.105   9.714   9.810   9.722  10.831  11.614   10.208    9.661  10.304  10.038  12.136  11.027 
  0.0120   2036.0  -3.260  3.960   0.190   1.000  11.836  10.837  10.160   9.571  10.152  11.926  11.605  11.204  10.496  10.160   9.741   9.975   9.751   9.350   9.449   9.359  10.313  10.868    9.856    9.296   9.831   9.681  11.293  10.384 
  0.0150   2254.0  -3.010  3.980   0.207   1.000  10.896  10.091   9.549   9.058   9.542  10.985  10.687  10.345   9.820   9.542   9.188   9.380   9.230   8.850   8.954   8.845   9.669  10.103    9.323    8.797   9.264   9.168  10.442   9.721 
  0.0200   2504.0  -2.640  3.930   0.255   1.000   9.882   9.220   8.712   8.281   8.706   9.970   9.693   9.383   9.013   8.708   8.431   8.556   8.430   8.106   8.203   8.086   8.803   9.232    8.500    8.060   8.492   8.385   9.537   8.927 
  0.0300   2702.0  -2.230  3.810   0.355   1.000   8.796   8.210   7.707   7.327   7.701   8.883   8.621   8.335   8.039   7.709   7.470   7.562   7.460   7.173   7.266   7.147   7.787   8.229    7.518    7.130   7.525   7.428   8.517   7.961 
  0.0400   2798.0  -2.070  3.840   0.396   1.000   8.402   7.842   7.330   6.978   7.325   8.486   8.235   7.958   7.684   7.332   7.110   7.191   7.104   6.832   6.921   6.806   7.404   7.864    7.157    6.791   7.160   7.076   8.146   7.608 
  0.0500   2882.0  -1.990  3.910   0.412   1.000   8.196   7.653   7.131   6.805   7.127   8.278   8.035   7.763   7.503   7.133   6.919   6.997   6.927   6.663   6.749   6.637   7.203   7.676    6.978    6.622   6.966   6.901   7.955   7.428 
  0.0550   2914.0  -1.950  3.930   0.421   1.000   8.103   7.567   7.041   6.723   7.037   8.184   7.945   7.675   7.419   7.042   6.833   6.909   6.843   6.584   6.668   6.558   7.111   7.591    6.894    6.544   6.878   6.818   7.867   7.346 
  0.0600   2938.0  -1.910  3.940   0.434   1.000   8.001   7.471   6.941   6.629   6.937   8.081   7.846   7.578   7.325   6.941   6.736   6.810   6.748   6.492   6.574   6.467   7.009   7.495    6.797    6.452   6.780   6.723   7.770   7.252 
  0.0700   2981.0  -1.830  3.960   0.461   1.000   7.808   7.287   6.749   6.448   6.745   7.886   7.657   7.392   7.145   6.749   6.550   6.621   6.564   6.315   6.394   6.291   6.815   7.312    6.612    6.276   6.591   6.541   7.584   7.073 
  0.0720   2988.0  -1.810  3.960   0.468   1.000   7.765   7.245   6.707   6.408   6.702   7.843   7.615   7.350   7.104   6.706   6.508   6.579   6.523   6.275   6.353   6.251   6.772   7.271    6.571    6.236   6.549   6.500   7.543   7.033 
  0.0750   2998.0  -1.790  3.960   0.476   1.000   7.715   7.197   6.655   6.358   6.650   7.792   7.565   7.301   7.056   6.654   6.457   6.528   6.474   6.227   6.304   6.203   6.719   7.222    6.521    6.188   6.498   6.450   7.493   6.985 


!-----------------------------------------------------------------------------------------------------------------------------------------------------------------------------------------------------------------------------------------------
!  t (Gyr) =   0.010
!-----------------------------------------------------------------------------------------------------------------------------------------------------------------------------------------------------------------------------------------------
!    mass     Teff    logL   logg  radius  Li_Li0     B_Y     B_J     B_H    B_Ks  B_ND-H    D_Y2    D_Y3    D_J2    D_J3    D_H2    D_H3    D_H4    D_K1    D_K2   N_BrG    N_CO  N_CntH  N_CntJ  N_CntK1  N_CntK2  N_FeII    N_H2   N_HeI   N_PaB 
  0.0030    920.0  -4.910  3.630   0.139   1.000  15.647  14.958  14.575  14.359  14.568  15.737  15.241  15.661  14.171  13.992  14.491  15.041  13.934  15.061  14.065  15.358  13.995  14.789   13.905   15.179  14.212  13.897  15.141  14.148 
  0.0040   1064.0  -4.640  3.740   0.141   1.000  15.166  14.411  13.585  13.428  13.577  15.261  14.838  14.815  13.811  13.198  13.287  13.796  13.135  13.805  13.131  14.069  13.291  14.253   13.146   13.865  13.161  13.079  14.754  13.766 
  0.0050   1193.0  -4.430  3.820   0.144   1.000  15.025  14.176  12.977  12.487  12.968  15.125  14.753  14.412  13.738  12.775  12.608  12.914  12.361  12.543  12.226  12.734  12.898  14.084   12.411   12.544  12.602  12.289  14.680  13.675 
  0.0060   1316.0  -4.240  3.880   0.147   1.000  14.804  13.902  12.611  11.840  12.603  14.912  14.560  14.084  13.565  12.485  12.312  12.448  11.805  11.788  11.626  11.921  12.584  13.853   11.866   11.766  12.331  11.734  14.507  13.495 
  0.0070   1426.0  -4.090  3.940   0.149   1.000  14.805  13.801  12.445  11.452  12.438  14.937  14.570  13.999  13.529  12.400  12.225  12.220  11.484  11.361  11.312  11.411  12.477  13.823   11.536   11.331  12.258  11.431  14.506  13.449 
  0.0080   1536.0  -3.940  3.980   0.152   1.000  14.681  13.564  12.221  11.099  12.213  14.837  14.436  13.830  13.296  12.247  11.994  11.960  11.212  10.954  11.022  10.936  12.328  13.650   11.267   10.916  12.058  11.171  14.311  13.197 
  0.0100   1608.0  -3.810  4.020   0.162   1.000  14.288  13.136  11.877  10.784  11.869  14.446  14.035  13.453  12.834  11.908  11.601  11.625  10.913  10.620  10.698  10.606  12.005  13.224   10.979   10.577  11.677  10.865  13.857  12.723 
  0.0120   1801.0  -3.580  4.070   0.167   1.000  13.216  11.990  10.993  10.235  10.984  13.359  12.957  12.452  11.603  11.010  10.559  10.794  10.388  10.038  10.108  10.059  11.171  12.074   10.485    9.990  10.656  10.323  12.632  11.475 
  0.0150   2168.0  -3.140  4.050   0.192   1.000  11.322  10.452   9.868   9.347   9.860  11.414  11.103  10.744  10.155   9.861   9.484   9.697   9.521   9.135   9.234   9.137   9.998  10.466    9.619    9.081   9.565   9.456  10.833  10.051 
  0.0200   2487.0  -2.700  3.970   0.243   1.000  10.022   9.351   8.841   8.407   8.835  10.111   9.832   9.520   9.140   8.837   8.555   8.685   8.557   8.229   8.327   8.211   8.933   9.364    8.629    8.183   8.617   8.511   9.671   9.054 
  0.0300   2667.0  -2.490  4.050   0.270   1.000   9.447   8.854   8.345   7.959   8.340   9.533   9.271   8.985   8.678   8.344   8.105   8.202   8.092   7.803   7.893   7.781   8.424   8.871    8.152    7.760   8.159   8.058   9.162   8.598 
  0.0400   2754.0  -2.420  4.170   0.272   1.000   9.280   8.708   8.187   7.828   8.182   9.368   9.110   8.827   8.547   8.186   7.967   8.051   7.952   7.683   7.766   7.660   8.258   8.728    8.005    7.642   8.016   7.921   9.018   8.470 
  0.0500   2839.0  -2.300  4.200   0.294   1.000   8.997   8.447   7.924   7.581   7.919   9.083   8.835   8.560   8.295   7.924   7.718   7.792   7.698   7.443   7.522   7.420   7.991   8.470    7.749    7.403   7.764   7.672   8.753   8.220 
  0.0550   2875.0  -2.240  4.200   0.307   1.000   8.851   8.309   7.783   7.450   7.778   8.936   8.692   8.419   8.159   7.783   7.580   7.653   7.566   7.314   7.392   7.290   7.849   8.332    7.616    7.275   7.624   7.540   8.613   8.086 
  0.0600   2906.0  -2.200  4.210   0.318   1.000   8.731   8.195   7.667   7.342   7.662   8.814   8.574   8.304   8.048   7.666   7.468   7.538   7.457   7.208   7.285   7.184   7.732   8.219    7.506    7.169   7.510   7.432   8.498   7.975 
  0.0700   2952.0  -2.110  4.220   0.341   1.000   8.514   7.989   7.456   7.141   7.452   8.595   8.363   8.095   7.846   7.456   7.264   7.330   7.253   7.013   7.086   6.989   7.519   8.014    7.300    6.974   7.305   7.229   8.289   7.774 
  0.0720   2961.0  -2.090  4.220   0.346   1.000   8.469   7.946   7.412   7.099   7.408   8.550   8.319   8.052   7.804   7.411   7.221   7.286   7.210   6.971   7.044   6.948   7.474   7.971    7.257    6.933   7.261   7.187   8.246   7.732 
  0.0750   2974.0  -2.060  4.220   0.354   1.000   8.401   7.880   7.344   7.035   7.340   8.481   8.252   7.986   7.739   7.343   7.154   7.219   7.145   6.908   6.979   6.885   7.405   7.906    7.191    6.870   7.194   7.122   8.180   7.668 
  0.0800   2994.0  -2.020  4.220   0.365   1.000   8.306   7.790   7.250   6.946   7.246   8.385   8.158   7.894   7.650   7.248   7.062   7.126   7.055   6.820   6.890   6.797   7.310   7.815    7.101    6.782   7.100   7.032   8.088   7.579 


!-----------------------------------------------------------------------------------------------------------------------------------------------------------------------------------------------------------------------------------------------
!  t (Gyr) =   0.050
!-----------------------------------------------------------------------------------------------------------------------------------------------------------------------------------------------------------------------------------------------
!    mass     Teff    logL   logg  radius  Li_Li0     B_Y     B_J     B_H    B_Ks  B_ND-H    D_Y2    D_Y3    D_J2    D_J3    D_H2    D_H3    D_H4    D_K1    D_K2   N_BrG    N_CO  N_CntH  N_CntJ  N_CntK1  N_CntK2  N_FeII    N_H2   N_HeI   N_PaB 
  0.0070    928.0  -4.980  4.080   0.127   1.000  15.601  14.925  14.833  14.614  14.828  15.707  15.170  15.710  14.097  14.178  14.935  15.448  14.140  15.492  14.346  15.798  14.098  14.726   14.089   15.639  14.606  14.118  15.057  14.083 
  0.0080   1010.0  -4.830  4.140   0.127   1.000  15.254  14.583  14.242  14.181  14.236  15.365  14.870  15.160  13.853  13.659  14.169  14.755  13.748  14.910  13.897  15.199  13.647  14.364   13.713   15.029  13.898  13.717  14.770  13.821 
  0.0100   1069.0  -4.660  4.160   0.137   1.000  14.935  14.251  13.636  13.654  13.630  15.035  14.602  14.677  13.614  13.134  13.467  14.045  13.261  14.267  13.365  14.548  13.159  14.037   13.239   14.366  13.257  13.221  14.517  13.571 
  0.0120   1439.0  -4.090  4.190   0.146   1.000  14.687  13.703  12.375  11.421  12.368  14.815  14.458  13.895  13.435  12.334  12.153  12.159  11.454  11.329  11.287  11.382  12.407  13.726   11.503   11.299  12.190  11.405  14.389  13.352 
  0.0150   1825.0  -3.610  4.220   0.158   1.000  13.290  12.058  11.065  10.321  11.056  13.456  13.020  12.503  11.681  11.078  10.636  10.873  10.468  10.130  10.195  10.150  11.237  12.134   10.562   10.083  10.730  10.404  12.702  11.552 
  0.0200   1760.0  -3.780  4.440   0.140   1.000  13.877  12.642  11.533  10.705  11.524  14.065  13.603  13.042  12.285  11.539  11.146  11.339  10.825  10.537  10.580  10.561  11.680  12.717   10.906   10.495  11.230  10.765  13.336  12.157 
  0.0300   2201.0  -3.350  4.580   0.147   1.000  11.804  10.996  10.382   9.894  10.375  11.862  11.602  11.260  10.704  10.358  10.013  10.240  10.041   9.701   9.766   9.721  10.485  10.985   10.136    9.650  10.084   9.976  11.363  10.598 
  0.0400   2475.0  -3.090  4.650   0.157   1.000  11.020  10.310   9.770   9.375   9.764  11.145  10.814  10.487  10.095   9.751   9.475   9.640   9.512   9.202   9.276   9.204   9.849  10.312    9.589    9.155   9.532   9.462  10.649  10.005 
  0.0500   2652.0  -2.900  4.670   0.170   1.000  10.462   9.854   9.318   8.956   9.313  10.563  10.283   9.990   9.676   9.308   9.079   9.190   9.080   8.805   8.878   8.793   9.386   9.865    9.141    8.761   9.128   9.042  10.171   9.595 
  0.0550   2713.0  -2.830  4.690   0.176   1.000  10.292   9.704   9.165   8.812   9.160  10.391  10.119   9.830   9.536   9.157   8.940   9.038   8.932   8.668   8.740   8.653   9.230   9.718    8.988    8.625   8.986   8.898  10.020   9.457 
  0.0600   2765.0  -2.760  4.690   0.183   0.999  10.117   9.565   9.033   8.688   9.028  10.198   9.955   9.686   9.401   9.027   8.817   8.908   8.804   8.547   8.619   8.531   9.097   9.578    8.858    8.505   8.861   8.773   9.865   9.324 
  0.0700   2846.0  -2.650  4.700   0.196   0.993   9.844   9.315   8.782   8.449   8.777   9.920   9.690   9.428   9.161   8.778   8.582   8.658   8.559   8.317   8.385   8.298   8.842   9.333    8.610    8.277   8.623   8.532   9.611   9.087 
  0.0720   2860.0  -2.630  4.700   0.199   0.990   9.799   9.267   8.732   8.402   8.727   9.879   9.645   9.380   9.116   8.728   8.535   8.609   8.511   8.271   8.338   8.252   8.791   9.286    8.561    8.231   8.575   8.484   9.566   9.042 
  0.0750   2881.0  -2.600  4.700   0.203   0.984   9.739   9.202   8.664   8.337   8.659   9.824   9.583   9.313   9.053   8.660   8.470   8.541   8.445   8.208   8.274   8.189   8.722   9.223    8.494    8.169   8.509   8.419   9.505   8.980 
  0.0800   2911.0  -2.550  4.700   0.210   0.965   9.634   9.096   8.554   8.233   8.549   9.723   9.479   9.206   8.951   8.550   8.365   8.433   8.339   8.107   8.171   8.088   8.610   9.119    8.387    8.068   8.403   8.314   9.402   8.878 
  0.0900   2959.0  -2.480  4.700   0.222   0.871   9.446   8.920   8.374   8.063   8.370   9.532   9.296   9.027   8.778   8.369   8.192   8.255   8.165   7.941   8.002   7.922   8.428   8.943    8.211    7.904   8.228   8.141   9.223   8.707 


!-----------------------------------------------------------------------------------------------------------------------------------------------------------------------------------------------------------------------------------------------
!  t (Gyr) =   0.100
!-----------------------------------------------------------------------------------------------------------------------------------------------------------------------------------------------------------------------------------------------
!    mass     Teff    logL   logg  radius  Li_Li0     B_Y     B_J     B_H    B_Ks  B_ND-H    D_Y2    D_Y3    D_J2    D_J3    D_H2    D_H3    D_H4    D_K1    D_K2   N_BrG    N_CO  N_CntH  N_CntJ  N_CntK1  N_CntK2  N_FeII    N_H2   N_HeI   N_PaB 
  0.0100    916.0  -4.980  4.210   0.130   1.000  15.589  14.889  14.882  14.641  14.877  15.701  15.140  15.732  14.035  14.218  15.033  15.508  14.157  15.563  14.380  15.868  14.114  14.697   14.102   15.721  14.701  14.139  15.019  14.027 
  0.0120   1333.0  -4.250  4.220   0.141   1.000  14.765  13.879  12.604  11.886  12.596  14.868  14.533  14.046  13.559  12.481  12.329  12.454  11.831  11.860  11.676  12.003  12.566  13.833   11.881   11.841  12.346  11.768  14.481  13.486 
  0.0150   1290.0  -4.370  4.370   0.132   1.000  14.995  14.117  12.844  12.193  12.837  15.093  14.768  14.287  13.779  12.705  12.589  12.722  12.086  12.233  11.966  12.403  12.777  14.061   12.125   12.225  12.594  12.029  14.703  13.704 
  0.0200   1441.0  -4.210  4.530   0.127   1.000  14.847  13.899  12.600  11.725  12.593  14.967  14.625  14.073  13.635  12.550  12.391  12.401  11.734  11.653  11.588  11.723  12.616  13.914   11.776   11.625  12.422  11.690  14.563  13.553 
  0.0300   1878.0  -3.750  4.710   0.127   1.000  13.470  12.238  11.301  10.690  11.293  13.698  13.178  12.617  11.884  11.273  10.894  11.162  10.799  10.526  10.548  10.571  11.418  12.279   10.886   10.484  10.968  10.734  12.897  11.758 
  0.0400   2234.0  -3.410  4.800   0.132   1.000  12.031  11.159  10.528  10.083  10.521  12.173  11.798  11.410  10.880  10.494  10.168  10.405  10.217   9.901   9.950   9.929  10.616  11.151   10.309    9.851  10.233  10.152  11.568  10.775 
  0.0500   2483.0  -3.180  4.840   0.140   0.999  11.254  10.540   9.992   9.614   9.986  11.391  11.047  10.716  10.325   9.967   9.698   9.871   9.745   9.445   9.508   9.452  10.063  10.537    9.821    9.397   9.753   9.694  10.882  10.234 
  0.0550   2576.0  -3.090  4.860   0.145   0.992  10.989  10.327   9.782   9.415   9.777  11.110  10.795  10.482  10.132   9.765   9.517   9.659   9.542   9.254   9.323   9.252   9.851  10.330    9.611    9.207   9.569   9.498  10.658  10.047 
  0.0600   2652.0  -3.010  4.870   0.149   0.963  10.784  10.155   9.607   9.253   9.602  10.901  10.598  10.294   9.975   9.592   9.365   9.485   9.374   9.103   9.169   9.096   9.671  10.163    9.437    9.058   9.412   9.335  10.482   9.893 
  0.0700   2768.0  -2.880  4.880   0.159   0.668  10.445   9.872   9.325   8.984   9.321  10.541  10.277   9.994   9.710   9.316   9.113   9.204   9.096   8.847   8.912   8.834   9.385   9.886    9.150    8.805   9.155   9.065  10.185   9.633 
  0.0720   2787.0  -2.860  4.880   0.161   0.538  10.386   9.821   9.273   8.934   9.269  10.479  10.220   9.941   9.662   9.266   9.067   9.152   9.044   8.800   8.864   8.785   9.332   9.837    9.096    8.759   9.108   9.013  10.132   9.586 
  0.0750   2814.0  -2.830  4.880   0.164   0.329  10.302   9.746   9.199   8.864   9.194  10.393  10.140   9.863   9.591   9.192   8.998   9.078   8.972   8.733   8.796   8.717   9.257   9.764    9.023    8.692   9.038   8.943  10.056   9.516 
  0.0800   2854.0  -2.780  4.890   0.169   0.066  10.177   9.631   9.084   8.758   9.080  10.266  10.019   9.745   9.479   9.078   8.889   8.965   8.865   8.629   8.692   8.613   9.141   9.649    8.914    8.589   8.928   8.837   9.938   9.405 
  0.0900   2920.0  -2.690  4.890   0.178   0.000   9.982   9.443   8.892   8.579   8.888  10.074   9.827   9.553   9.297   8.886   8.707   8.775   8.682   8.455   8.514   8.438   8.946   9.464    8.729    8.416   8.743   8.656   9.750   9.225 
  0.1000   2971.0  -2.630  4.900   0.185   0.000   9.821   9.296   8.744   8.440   8.740   9.909   9.672   9.403   9.155   8.738   8.566   8.628   8.540   8.321   8.378   8.303   8.795   9.318    8.585    8.283   8.600   8.516   9.599   9.084 


!-----------------------------------------------------------------------------------------------------------------------------------------------------------------------------------------------------------------------------------------------
!  t (Gyr) =   0.120
!-----------------------------------------------------------------------------------------------------------------------------------------------------------------------------------------------------------------------------------------------
!    mass     Teff    logL   logg  radius  Li_Li0     B_Y     B_J     B_H    B_Ks  B_ND-H    D_Y2    D_Y3    D_J2    D_J3    D_H2    D_H3    D_H4    D_K1    D_K2   N_BrG    N_CO  N_CntH  N_CntJ  N_CntK1  N_CntK2  N_FeII    N_H2   N_HeI   N_PaB 
  0.0120   1309.0  -4.290  4.220   0.140   1.000  14.834  13.952  12.677  11.993  12.670  14.936  14.601  14.121  13.619  12.545  12.402  12.539  11.916  11.991  11.771  12.149  12.629  13.898   11.964   11.976  12.415  11.854  14.544  13.546 
  0.0150   1188.0  -4.540  4.400   0.128   1.000  15.258  14.427  13.248  12.808  13.241  15.344  15.011  14.649  13.998  13.009  12.979  13.255  12.595  13.014  12.541  13.220  13.077  14.318   12.616   13.041  12.933  12.540  14.927  13.925 
  0.0200   1351.0  -4.340  4.550   0.124   1.000  14.949  14.069  12.802  12.100  12.795  15.050  14.730  14.226  13.765  12.689  12.573  12.662  12.023  12.113  11.900  12.257  12.752  14.031   12.060   12.099  12.583  11.972  14.673  13.689 
  0.0300   1782.0  -3.860  4.730   0.124   1.000  14.063  12.846  11.727  10.917  11.719  14.267  13.788  13.219  12.504  11.726  11.358  11.543  11.021  10.763  10.792  10.792  11.859  12.912   11.097   10.722  11.435  10.964  13.543  12.378 
  0.0400   2151.0  -3.510  4.830   0.127   1.000  12.392  11.413  10.745  10.296  10.737  12.590  12.130  11.692  11.117  10.701  10.369  10.633  10.417  10.121  10.154  10.163  10.830  11.411   10.510   10.075  10.433  10.350  11.878  11.006 
  0.0500   2422.0  -3.260  4.880   0.134   0.998  11.490  10.735  10.177   9.796  10.171  11.640  11.271  10.927  10.506  10.146   9.866  10.062   9.926   9.625   9.680   9.642  10.249  10.728   10.006    9.577   9.922   9.870  11.090  10.412 
  0.0550   2519.0  -3.170  4.900   0.138   0.982  11.211  10.515   9.966   9.597   9.960  11.346  11.008  10.682  10.308   9.942   9.683   9.847   9.725   9.431   9.494   9.436  10.034  10.513    9.799    9.383   9.736   9.676  10.853  10.218 
  0.0600   2606.0  -3.090  4.910   0.142   0.913  10.969  10.325   9.779   9.421   9.774  11.087  10.779  10.473  10.135   9.761   9.523   9.659   9.544   9.265   9.330   9.262   9.845  10.328    9.611    9.218   9.573   9.502  10.651  10.051 
  0.0700   2737.0  -2.950  4.930   0.151   0.344  10.618  10.025   9.476   9.134   9.471  10.723  10.443  10.153   9.858   9.465   9.255   9.356   9.248   8.993   9.057   8.982   9.536  10.037    9.305    8.949   9.298   9.214  10.344   9.780 
  0.0720   2758.0  -2.920  4.930   0.152   0.193  10.567   9.984   9.434   9.093   9.429  10.669  10.396  10.108   9.820   9.424   9.219   9.314   9.205   8.956   9.019   8.943   9.493   9.998    9.260    8.913   9.261   9.173  10.301   9.743 
  0.0750   2787.0  -2.890  4.930   0.155   0.047  10.475   9.905   9.353   9.015   9.349  10.573  10.309  10.025   9.746   9.345   9.148   9.233   9.124   8.882   8.944   8.868   9.411   9.921    9.176    8.841   9.188   9.093  10.220   9.670 
  0.0800   2831.0  -2.840  4.940   0.159   0.000  10.351   9.794   9.242   8.912   9.238  10.446  10.189   9.910   9.640   9.235   9.045   9.123   9.019   8.783   8.844   8.768   9.298   9.812    9.069    8.742   9.084   8.990  10.106   9.566 
  0.0900   2904.0  -2.750  4.940   0.168   0.000  10.130   9.587   9.036   8.721   9.031  10.225   9.974   9.698   9.440   9.029   8.848   8.919   8.824   8.595   8.655   8.579   9.089   9.607    8.872    8.556   8.884   8.797   9.896   9.367 
  0.1000   2959.0  -2.680  4.950   0.175   0.000   9.959   9.430   8.877   8.572   8.873  10.049   9.808   9.538   9.288   8.870   8.697   8.762   8.672   8.453   8.508   8.435   8.928   9.451    8.718    8.414   8.731   8.647   9.735   9.216 


!-----------------------------------------------------------------------------------------------------------------------------------------------------------------------------------------------------------------------------------------------
!  t (Gyr) =   0.500
!-----------------------------------------------------------------------------------------------------------------------------------------------------------------------------------------------------------------------------------------------
!    mass     Teff    logL   logg  radius  Li_Li0     B_Y     B_J     B_H    B_Ks  B_ND-H    D_Y2    D_Y3    D_J2    D_J3    D_H2    D_H3    D_H4    D_K1    D_K2   N_BrG    N_CO  N_CntH  N_CntJ  N_CntK1  N_CntK2  N_FeII    N_H2   N_HeI   N_PaB 
  0.0200    901.0  -5.140  4.650   0.111   1.000  15.988  15.234  15.375  15.178  15.371  16.099  15.516  16.146  14.341  14.691  15.627  16.046  14.688  16.145  14.925  16.428  14.532  15.033   14.626   16.321  15.293  14.678  15.380  14.340 
  0.0300   1170.0  -4.730  4.860   0.106   1.000  15.180  14.451  13.755  13.669  13.749  15.299  14.865  14.769  13.891  13.330  13.583  14.060  13.346  14.122  13.407  14.340  13.346  14.251   13.334   14.193  13.424  13.312  14.774  13.830 
  0.0400   1461.0  -4.360  5.010   0.104   1.000  15.086  14.164  12.922  12.137  12.916  15.210  14.865  14.340  13.884  12.868  12.735  12.749  12.103  12.113  11.987  12.210  12.923  14.173   12.133   12.090  12.759  12.067  14.792  13.801 
  0.0500   1751.0  -4.060  5.110   0.103   0.954  14.511  13.401  12.249  11.393  12.241  14.706  14.255  13.685  13.110  12.239  11.967  12.061  11.466  11.268  11.279  11.301  12.336  13.453   11.523   11.230  12.026  11.418  14.090  12.995 
  0.0550   1902.0  -3.910  5.150   0.103   0.561  13.698  12.520  11.681  11.179  11.674  13.982  13.397  12.852  12.187  11.617  11.316  11.593  11.243  11.054  11.036  11.116  11.742  12.528   11.313   11.018  11.367  11.185  13.141  12.059 
  0.0600   2048.0  -3.780  5.190   0.104   0.007  13.041  11.996  11.313  10.928  11.306  13.319  12.751  12.284  11.688  11.240  10.946  11.245  11.002  10.790  10.778  10.857  11.363  11.981   11.080   10.751  10.996  10.938  12.501  11.569 
  0.0700   2295.0  -3.560  5.230   0.106   0.000  12.120  11.395  10.857  10.518  10.850  12.240  11.905  11.613  11.131  10.797  10.524  10.780  10.612  10.366  10.376  10.417  10.906  11.356   10.693   10.322  10.574  10.550  11.709  11.020 
  0.0720   2332.0  -3.520  5.240   0.107   0.000  11.992  11.287  10.759  10.437  10.753  12.109  11.781  11.497  11.031  10.699  10.433  10.684  10.534  10.283  10.296  10.332  10.805  11.246   10.615   10.238  10.481  10.472  11.589  10.927 
  0.0750   2400.0  -3.460  5.240   0.108   0.000  12.019  11.223  10.647  10.313  10.641  12.216  11.784  11.421  10.989  10.597  10.339  10.560  10.415  10.157  10.181  10.196  10.697  11.206   10.494   10.112  10.387  10.357  11.600  10.890 
  0.0800   2505.0  -3.370  5.250   0.111   0.000  11.735  11.004  10.433  10.098  10.428  11.906  11.518  11.177  10.792  10.394  10.154  10.336  10.206   9.945   9.982   9.967  10.484  10.992   10.280    9.899  10.200  10.155  11.361  10.699 
  0.0900   2678.0  -3.190  5.240   0.118   0.000  11.180  10.608  10.066   9.740  10.062  11.269  11.009  10.746  10.427  10.045   9.832   9.959   9.849   9.596   9.648   9.597  10.120  10.604    9.912    9.551   9.874   9.810  10.903  10.344 
  0.1000   2809.0  -3.050  5.230   0.128   0.000  10.874  10.290   9.724   9.406   9.720  10.988  10.703  10.412  10.133   9.711   9.524   9.613   9.508   9.278   9.330   9.269   9.774  10.303    9.560    9.236   9.561   9.477  10.613  10.056 


!-----------------------------------------------------------------------------------------------------------------------------------------------------------------------------------------------------------------------------------------------
!  t (Gyr) =   1.000
!-----------------------------------------------------------------------------------------------------------------------------------------------------------------------------------------------------------------------------------------------
!    mass     Teff    logL   logg  radius  Li_Li0     B_Y     B_J     B_H    B_Ks  B_ND-H    D_Y2    D_Y3    D_J2    D_J3    D_H2    D_H3    D_H4    D_K1    D_K2   N_BrG    N_CO  N_CntH  N_CntJ  N_CntK1  N_CntK2  N_FeII    N_H2   N_HeI   N_PaB 
  0.0300    958.0  -5.110  4.900   0.102   1.000  15.904  15.168  15.177  15.042  15.173  16.016  15.460  15.915  14.339  14.534  15.337  15.785  14.598  15.844  14.782  16.081  14.407  14.933   14.549   15.988  15.033  14.585  15.325  14.316 
  0.0400   1189.0  -4.770  5.060   0.098   1.000  15.328  14.570  13.898  13.710  13.892  15.458  15.003  14.882  14.019  13.504  13.711  14.143  13.432  14.053  13.454  14.236  13.527  14.383   13.429   14.108  13.573  13.398  14.906  13.953 
  0.0500   1424.0  -4.480  5.180   0.096   0.932  15.141  14.274  13.119  12.515  13.114  15.257  14.916  14.446  13.959  13.012  12.920  13.017  12.430  12.551  12.340  12.673  13.062  14.246   12.454   12.542  12.923  12.393  14.842  13.878 
  0.0550   1550.0  -4.340  5.220   0.095   0.379  15.259  14.280  13.018  12.097  13.012  15.397  15.038  14.477  14.037  13.015  12.851  12.800  12.134  12.014  12.004  12.042  13.071  14.336   12.168   11.982  12.890  12.105  14.959  13.949 
  0.0600   1675.0  -4.210  5.270   0.094   0.000  14.859  13.882  12.704  11.800  12.698  15.019  14.634  14.092  13.641  12.701  12.513  12.497  11.858  11.696  11.703  11.724  12.765  13.930   11.900   11.661  12.557  11.821  14.527  13.545 
  0.0700   2012.0  -3.880  5.320   0.096   0.000  13.366  12.325  11.611  11.200  11.605  13.653  13.080  12.607  12.021  11.537  11.268  11.543  11.260  11.077  11.057  11.142  11.651  12.309   11.328   11.040  11.313  11.202  12.844  11.901 
  0.0720   2089.0  -3.800  5.320   0.097   0.000  13.026  12.010  11.379  11.074  11.373  13.326  12.735  12.288  11.706  11.288  11.020  11.339  11.129  10.948  10.916  11.029  11.406  11.983   11.202   10.911  11.062  11.066  12.487  11.587 
  0.0750   2185.0  -3.710  5.330   0.098   0.000  12.981  12.007  11.343  10.973  11.337  13.248  12.710  12.264  11.722  11.270  11.005  11.276  11.042  10.840  10.827  10.905  11.381  11.986   11.116   10.801  11.050  10.981  12.483  11.609 
  0.0800   2358.0  -3.540  5.320   0.103   0.000  12.101  11.349  10.796  10.483  10.790  12.265  11.877  11.554  11.102  10.736  10.480  10.724  10.575  10.333  10.343  10.383  10.838  11.315   10.654   10.289  10.526  10.514  11.688  10.999 
  0.0900   2625.0  -3.270  5.280   0.113   0.000  11.415  10.783  10.227   9.899  10.223  11.538  11.228  10.932  10.593  10.200   9.980  10.124  10.009   9.753   9.800   9.760  10.280  10.777   10.075    9.707  10.024   9.966  11.104  10.508 
  0.1000   2790.0  -3.080  5.250   0.125   0.000  10.957  10.366   9.799   9.479   9.794  11.074  10.783  10.490  10.205   9.784   9.594   9.688   9.582   9.349   9.401   9.342   9.849  10.376    9.635    9.307   9.632   9.550  10.690  10.128 


!-----------------------------------------------------------------------------------------------------------------------------------------------------------------------------------------------------------------------------------------------
!  t (Gyr) =   5.000
!-----------------------------------------------------------------------------------------------------------------------------------------------------------------------------------------------------------------------------------------------
!    mass     Teff    logL   logg  radius  Li_Li0     B_Y     B_J     B_H    B_Ks  B_ND-H    D_Y2    D_Y3    D_J2    D_J3    D_H2    D_H3    D_H4    D_K1    D_K2   N_BrG    N_CO  N_CntH  N_CntJ  N_CntK1  N_CntK2  N_FeII    N_H2   N_HeI   N_PaB 
  0.0500    907.0  -5.350  5.260   0.086   0.921  16.552  15.746  15.895  16.008  15.891  16.647  16.100  16.541  14.881  15.220  16.145  16.582  15.587  16.769  15.751  16.961  15.048  15.507   15.543   16.924  15.832  15.583  15.960  14.857 
  0.0550    990.0  -5.210  5.320   0.085   0.284  16.082  15.323  15.373  15.443  15.369  16.198  15.656  15.946  14.539  14.746  15.511  15.981  15.055  16.099  15.185  16.291  14.622  15.060   15.021   16.232  15.227  15.046  15.520  14.495 
  0.0600   1097.0  -5.040  5.370   0.084   0.000  15.769  15.043  14.769  14.723  14.764  15.889  15.394  15.482  14.371  14.238  14.750  15.226  14.394  15.212  14.472  15.386  14.182  14.794   14.373   15.307  14.525  14.376  15.277  14.315 
  0.0700   1593.0  -4.360  5.400   0.087   0.000  15.314  14.340  13.116  12.206  13.110  15.460  15.093  14.541  14.101  13.117  12.953  12.900  12.251  12.118  12.121  12.140  13.174  14.397   12.284   12.086  12.992  12.223  15.008  14.010 
  0.0720   1754.0  -4.180  5.400   0.089   0.000  14.509  13.535  12.518  11.770  12.513  14.701  14.270  13.764  13.276  12.490  12.292  12.358  11.815  11.673  11.661  11.716  12.565  13.553   11.859   11.639  12.333  11.776  14.121  13.168 
  0.0750   1998.0  -3.920  5.380   0.092   0.000  13.546  12.498  11.762  11.341  11.756  13.840  13.260  12.780  12.195  11.685  11.429  11.694  11.393  11.226  11.201  11.292  11.795  12.484   11.456   11.190  11.471  11.338  13.031  12.074 
  0.0800   2295.0  -3.610  5.340   0.100   0.000  12.146  11.487  10.973  10.659  10.967  12.231  11.945  11.701  11.220  10.906  10.646  10.909  10.741  10.516  10.514  10.574  11.011  11.432   10.818   10.474  10.692  10.679  11.758  11.110 
  0.0900   2621.0  -3.280  5.290   0.113   0.000  11.432  10.791  10.232   9.905  10.228  11.560  11.241  10.941  10.600  10.205   9.984  10.129  10.014   9.759   9.804   9.767  10.284  10.785   10.080    9.713  10.028   9.971  11.116  10.514 
  0.1000   2791.0  -3.080  5.250   0.124   0.000  10.973  10.382   9.815   9.496   9.810  11.090  10.799  10.506  10.221   9.800   9.611   9.704   9.598   9.366   9.417   9.358   9.865  10.393    9.651    9.323   9.648   9.566  10.706  10.144 


!-----------------------------------------------------------------------------------------------------------------------------------------------------------------------------------------------------------------------------------------------
!  t (Gyr) =  10.000
!-----------------------------------------------------------------------------------------------------------------------------------------------------------------------------------------------------------------------------------------------
!    mass     Teff    logL   logg  radius  Li_Li0     B_Y     B_J     B_H    B_Ks  B_ND-H    D_Y2    D_Y3    D_J2    D_J3    D_H2    D_H3    D_H4    D_K1    D_K2   N_BrG    N_CO  N_CntH  N_CntJ  N_CntK1  N_CntK2  N_FeII    N_H2   N_HeI   N_PaB 
  0.0600    971.0  -5.290  5.400   0.081   0.000  16.318  15.521  15.606  15.713  15.603  16.434  15.880  16.182  14.715  14.981  15.758  16.206  15.327  16.368  15.456  16.548  14.848  15.267   15.292   16.505  15.477  15.320  15.739  14.672 
  0.0700   1552.0  -4.420  5.410   0.086   0.000  15.364  14.412  13.183  12.297  13.178  15.501  15.145  14.602  14.168  13.177  13.022  12.974  12.322  12.225  12.198  12.265  13.229  14.461   12.354   12.193  13.058  12.294  15.068  14.079 
  0.0720   1744.0  -4.190  5.400   0.089   0.000  14.557  13.590  12.552  11.787  12.546  14.743  14.321  13.813  13.335  12.527  12.332  12.384  11.832  11.690  11.679  11.732  12.599  13.610   11.875   11.656  12.373  11.793  14.179  13.229 
  0.0750   1998.0  -3.920  5.380   0.092   0.000  13.546  12.498  11.762  11.341  11.756  13.840  13.260  12.780  12.195  11.685  11.429  11.694  11.393  11.226  11.201  11.292  11.795  12.484   11.456   11.190  11.471  11.338  13.031  12.074 
  0.0800   2297.0  -3.610  5.340   0.100   0.000  12.137  11.481  10.970  10.657  10.964  12.221  11.937  11.694  11.215  10.902  10.643  10.906  10.739  10.514  10.512  10.572  11.008  11.426   10.816   10.472  10.689  10.677  11.750  11.104 
  0.0900   2622.0  -3.270  5.290   0.113   0.000  11.428  10.789  10.231   9.903  10.226  11.555  11.238  10.939  10.599  10.203   9.983  10.128  10.013   9.757   9.803   9.765  10.283  10.783   10.079    9.711  10.027   9.970  11.113  10.513 
  0.1000   2793.0  -3.080  5.250   0.124   0.000  10.970  10.379   9.812   9.493   9.808  11.086  10.796  10.503  10.219   9.798   9.609   9.702   9.595   9.364   9.415   9.356   9.862  10.390    9.648    9.321   9.646   9.563  10.704  10.142 
