
 Model atmospheres, synthetic spectra and photometry
 Baraffe, Homeier, Allard, Chabrier 2015, accepted by A&A:
 "New evolutionary models for pre-main sequence and main sequence low-mass stars down to the hydrogen-burning limit"

 Isochrones of the models from:

 Baraffe, Chabrier, Barman, Allard, Hauschildt, 2003, A&A 401, 701
 "Evolutionary models for cool brown dwarfs and extrasolar giant planets. The case of HD 209458"

 logL: log L/Lsun
 radius : R/Rsun

 photospheric magnitudes for SPHERE_IRDIS filter transmissions from Nov. 2014 (A. Vigan, priv. comm.)
 + atmospheric transmission for Paranal at 3.0mm H2O, airmass=2.0 from VISTA calibration

Teff log g [M/H]  R/Rs D[pc] B_Y     B_J     B_H     B_Ks    B_ND-H  D_Y2    D_Y3    D_J2    D_J3    D_H2    D_H3    D_H4    D_K1    D_K2    N_BrG   N_CO    N_CntH  N_CntJ  N_CntK1 N_CntK2 N_FeII  N_H2    N_HeI   N_PaB    J-H    H-Ks  (SPHERE IRDIS)
  absolute magnitudes for isochronal radii



---------------------------------------------------------------------------------------------------------------------------------------------------------------------------------------------------------------------------------------
  t (Gyr) =   0.001
---------------------------------------------------------------------------------------------------------------------------------------------------------------------------------------------------------------------------------------
    mass     Teff    logL   logg  radius     B_Y     B_J     B_H    B_Ks  B_ND-H    D_Y2    D_Y3    D_J2    D_J3    D_H2    D_H3    D_H4    D_K1    D_K2   N_BrG    N_CO  N_CntH  N_CntJ  N_CntK1  N_CntK2  N_FeII    N_H2   N_HeI   N_PaB
  0.0005    628.0  -5.370  2.645   0.176  17.202  16.476  16.529  16.503  16.525  17.214  16.764  17.943  15.553  15.738  17.043  17.537  15.954  17.740  16.246  18.223  15.561  16.567   15.892   18.011  16.572  15.933  16.735  15.568
  0.0010    942.0  -4.715  2.996   0.166  15.453  14.669  13.803  13.684  13.794  15.528  15.095  15.242  14.055  13.474  13.358  13.951  13.415  13.969  13.354  14.241  13.659  14.622   13.452   14.024  13.264  13.347  15.022  14.022
  0.0020   1285.0  -4.137  3.259   0.174  14.938  13.909  12.509  11.485  12.501  15.060  14.683  14.141  13.616  12.435  12.250  12.285  11.524  11.374  11.326  11.440  12.536  13.927   11.593   11.340  12.277  11.458  14.620  13.545
  0.0030   1553.0  -3.746  3.372   0.187  15.180  13.848  12.265  10.969  12.257  15.340  14.925  14.212  13.574  12.355  12.045  11.945  11.120  10.805  10.923  10.756  12.444  14.019   11.180   10.763  12.130  11.087  14.782  13.464
  0.0040   1747.0  -3.482  3.438   0.200  13.757  12.271  11.031  10.073  11.021  13.879  13.497  12.883  11.865  11.115  10.597  10.759  10.274   9.848   9.981   9.833  11.289  12.465   10.379    9.792  10.719  10.215  13.158  11.733
  0.0050   1901.0  -3.273  3.472   0.215  12.249  11.065  10.285   9.580  10.275  12.313  12.024  11.599  10.691  10.325   9.838  10.064   9.788   9.344   9.473   9.337  10.502  11.180    9.906    9.287   9.945   9.719  11.648  10.572
  0.0060   2004.0  -3.129  3.499   0.228  11.734  10.627   9.922   9.262   9.913  11.811  11.501  11.080  10.289   9.953   9.497   9.708   9.470   9.026   9.160   9.014  10.118  10.712    9.585    8.969   9.597   9.402  11.154  10.175
  0.0070   2098.0  -2.998  3.515   0.242  11.104  10.150   9.573   8.986   9.564  11.164  10.890  10.535   9.845   9.591   9.171   9.375   9.183   8.760   8.886   8.747   9.743  10.212    9.291    8.705   9.263   9.119  10.572   9.738
  0.0080   2159.0  -2.893  3.517   0.258  10.734   9.840   9.288   8.731   9.279  10.797  10.525  10.174   9.560   9.301   8.912   9.098   8.920   8.513   8.636   8.497   9.440   9.891    9.022    8.460   8.998   8.859  10.238   9.458
  0.0090   2207.0  -2.811  3.525   0.271  10.503   9.642   9.108   8.566   9.100  10.571  10.293   9.950   9.375   9.122   8.744   8.921   8.752   8.353   8.475   8.335   9.255   9.689    8.849    8.300   8.828   8.693  10.024   9.275
  0.0100   2251.0  -2.735  3.529   0.285  10.223   9.403   8.883   8.364   8.875  10.294  10.016   9.676   9.155   8.893   8.538   8.701   8.543   8.157   8.277   8.138   9.018   9.445    8.636    8.106   8.617   8.488   9.773   9.058
  0.0120   2321.0  -2.615  3.541   0.307   9.892   9.117   8.616   8.121   8.608   9.967   9.689   9.361   8.884   8.625   8.288   8.440   8.293   7.923   8.039   7.901   8.743   9.154    8.380    7.872   8.364   8.243   9.469   8.790
  0.0150   2400.0  -2.455  3.537   0.345   9.445   8.722   8.235   7.766   8.228   9.524   9.245   8.931   8.509   8.245   7.934   8.067   7.927   7.579   7.692   7.555   8.352   8.755    8.006    7.531   8.005   7.882   9.058   8.419
  0.0200   2484.0  -2.280  3.546   0.395   8.964   8.284   7.801   7.359   7.795   9.047   8.771   8.465   8.089   7.811   7.522   7.641   7.513   7.183   7.290   7.157   7.907   8.315    7.585    7.137   7.589   7.472   8.612   8.003
  0.0300   2598.0  -2.174  3.694   0.408   8.676   8.042   7.553   7.146   7.547   8.761   8.491   8.196   7.868   7.560   7.301   7.403   7.288   6.983   7.082   6.957   7.646   8.072    7.352    6.939   7.361   7.252   8.365   7.785
  0.0400   2746.0  -1.939  3.681   0.478   8.074   7.489   6.992   6.628   6.987   8.156   7.901   7.619   7.334   7.000   6.766   6.853   6.760   6.478   6.573   6.450   7.077   7.519    6.817    6.436   6.821   6.731   7.804   7.256
  0.0500   2768.0  -1.637  3.489   0.666   7.312   6.732   6.235   5.882   6.230   7.393   7.140   6.860   6.578   6.245   6.006   6.095   6.016   5.729   5.828   5.700   6.322   6.763    6.073    5.687   6.061   5.988   7.044   6.501
  0.0600   2824.0  -1.604  3.570   0.665   7.232   6.665   6.158   5.823   6.154   7.313   7.065   6.788   6.517   6.167   5.935   6.021   5.955   5.674   5.770   5.645   6.242   6.696    6.010    5.631   5.988   5.928   6.976   6.441
  0.0700   2853.0  -1.478  3.529   0.753   6.921   6.359   5.847   5.523   5.842   7.001   6.754   6.480   6.212   5.855   5.622   5.710   5.656   5.372   5.471   5.344   5.932   6.389    5.711    5.330   5.675   5.630   6.667   6.136
  0.0720   2858.0  -1.455  3.520   0.771   6.863   6.301   5.789   5.466   5.784   6.943   6.696   6.422   6.154   5.797   5.563   5.652   5.600   5.316   5.414   5.288   5.873   6.331    5.655    5.273   5.616   5.574   6.609   6.079
  0.0750   2833.0  -1.389  3.457   0.847   6.692   6.124   5.616   5.287   5.611   6.772   6.523   6.247   5.976   5.625   5.386   5.477   5.422   5.134   5.235   5.106   5.703   6.155    5.478    5.091   5.440   5.396   6.433   5.900
  0.0800   2869.0  -1.373  3.492   0.840   6.661   6.100   5.586   5.269   5.581   6.741   6.494   6.221   5.954   5.595   5.359   5.449   5.403   5.117   5.217   5.089   5.672   6.131    5.459    5.074   5.412   5.377   6.408   5.879
  0.0900   2867.0  -1.289  3.457   0.927   6.449   5.887   5.372   5.056   5.367   6.529   6.281   6.008   5.740   5.381   5.142   5.234   5.192   4.903   5.004   4.875   5.459   5.917    5.248    4.859   5.195   5.166   6.194   5.665
  0.1000   2856.0  -1.187  3.394   1.051   6.190   5.624   5.109   4.793   5.104   6.270   6.021   5.746   5.476   5.118   4.874   4.969   4.931   4.637   4.741   4.609   5.199   5.654    4.989    4.593   4.929   4.905   5.931   5.400


---------------------------------------------------------------------------------------------------------------------------------------------------------------------------------------------------------------------------------------
  t (Gyr) =   0.005
---------------------------------------------------------------------------------------------------------------------------------------------------------------------------------------------------------------------------------------
    mass     Teff    logL   logg  radius     B_Y     B_J     B_H    B_Ks  B_ND-H    D_Y2    D_Y3    D_J2    D_J3    D_H2    D_H3    D_H4    D_K1    D_K2   N_BrG    N_CO  N_CntH  N_CntJ  N_CntK1  N_CntK2  N_FeII    N_H2   N_HeI   N_PaB
  0.0005    455.0  -6.079  2.794   0.148  19.184  18.571  19.315  19.803  19.320  19.119  18.742  21.375  17.419  18.518  21.885  22.257  19.144  22.192  19.927  22.857  17.894  19.171   18.963   22.718  21.157  19.228  18.830  17.543
  0.0010    644.0  -5.522  3.141   0.141  17.182  16.495  16.807  16.661  16.806  17.203  16.732  18.099  15.543  15.995  17.705  18.118  16.046  18.323  16.531  18.861  15.693  16.589   15.926   18.668  17.191  16.063  16.694  15.586
  0.0020    901.0  -4.920  3.425   0.143  15.733  14.972  14.590  14.384  14.584  15.829  15.328  15.765  14.250  14.046  14.465  15.017  13.972  15.043  14.083  15.345  14.077  14.902   13.951   15.157  14.204  13.932  15.231  14.227
  0.0030   1098.0  -4.552  3.576   0.148  15.121  14.263  13.228  13.027  13.219  15.212  14.823  14.631  13.786  12.963  12.838  13.287  12.810  13.221  12.730  13.473  13.106  14.193   12.849   13.254  12.791  12.745  14.744  13.734
  0.0040   1263.0  -4.283  3.675   0.152  14.883  13.950  12.703  11.963  12.695  14.990  14.625  14.194  13.613  12.566  12.387  12.567  11.922  11.926  11.746  12.061  12.680  13.927   11.989   11.906  12.399  11.851  14.565  13.548
  0.0050   1413.0  -4.061  3.745   0.157  15.043  13.943  12.526  11.445  12.518  15.194  14.795  14.180  13.699  12.527  12.337  12.276  11.504  11.346  11.345  11.362  12.598  14.017   11.552   11.317  12.381  11.465  14.715  13.610
  0.0060   1543.0  -3.886  3.802   0.161  14.906  13.707  12.289  11.108  12.282  15.070  14.652  13.998  13.457  12.341  12.087  12.013  11.229  10.964  11.048  10.932  12.418  13.825   11.283   10.927  12.154  11.195  14.528  13.354
  0.0070   1668.0  -3.725  3.843   0.166  14.506  13.086  11.637  10.573  11.628  14.678  14.235  13.546  12.748  11.710  11.273  11.367  10.736  10.381  10.479  10.374  11.850  13.251   10.823   10.332  11.381  10.683  14.013  12.620
  0.0080   1786.0  -3.579  3.874   0.171  13.318  12.037  11.017  10.223  11.007  13.436  13.068  12.554  11.665  11.057  10.590  10.804  10.389  10.019  10.107  10.031  11.221  12.166   10.490    9.969  10.693  10.328  12.735  11.539
  0.0090   1885.0  -3.460  3.900   0.176  12.774  11.552  10.692   9.991  10.683  12.894  12.519  12.040  11.195  10.724  10.261  10.492  10.169   9.777   9.877   9.784  10.890  11.654   10.276    9.724  10.362  10.107  12.174  11.071
  0.0100   1965.0  -3.363  3.921   0.181  12.246  11.165  10.428   9.786  10.420  12.309  12.018  11.602  10.827  10.449  10.007  10.238   9.967   9.569   9.671   9.575  10.609  11.235   10.075    9.515  10.103   9.903  11.690  10.709
  0.0120   2102.0  -3.194  3.948   0.192  11.543  10.586  10.010   9.473  10.001  11.633  11.318  10.951  10.287  10.014   9.607   9.842   9.650   9.257   9.356   9.264  10.163  10.634    9.757    9.203   9.693   9.584  11.009  10.179
  0.0150   2264.0  -2.981  3.960   0.212  10.832  10.008   9.480   8.993   9.473  10.918  10.623  10.278   9.759   9.482   9.130   9.316   9.164   8.790   8.894   8.782   9.607  10.040    9.259    8.737   9.207   9.107  10.380   9.662
  0.0200   2452.0  -2.661  3.905   0.261   9.942   9.235   8.736   8.296   8.730  10.028   9.746   9.430   9.033   8.740   8.445   8.581   8.450   8.116   8.217   8.097   8.841   9.264    8.527    8.068   8.511   8.405   9.573   8.944
  0.0300   2616.0  -2.262  3.795   0.363   8.900   8.271   7.778   7.377   7.772   8.986   8.717   8.422   8.100   7.784   7.530   7.631   7.516   7.216   7.313   7.191   7.869   8.301    7.580    7.173   7.589   7.482   8.595   8.018
  0.0400   2754.0  -2.068  3.814   0.410   8.398   7.816   7.314   6.952   7.309   8.481   8.227   7.945   7.661   7.321   7.092   7.177   7.081   6.804   6.895   6.777   7.396   7.846    7.137    6.762   7.145   7.052   8.131   7.584
  0.0500   2806.0  -1.846  3.722   0.510   7.839   7.269   6.762   6.418   6.758   7.921   7.671   7.393   7.120   6.770   6.543   6.627   6.547   6.272   6.364   6.244   6.844   7.300    6.601    6.230   6.596   6.520   7.582   7.045
  0.0600   2875.0  -1.902  3.899   0.455   7.992   7.437   6.920   6.594   6.915   8.073   7.830   7.556   7.294   6.926   6.710   6.789   6.718   6.453   6.541   6.428   6.996   7.469    6.770    6.413   6.759   6.693   7.748   7.220
  0.0700   2916.0  -1.829  3.917   0.481   7.812   7.267   6.744   6.430   6.740   7.891   7.654   7.383   7.126   6.750   6.539   6.616   6.551   6.291   6.377   6.266   6.819   7.298    6.601    6.252   6.586   6.527   7.575   7.053
  0.0720   2921.0  -1.814  3.918   0.488   7.774   7.229   6.706   6.392   6.701   7.852   7.615   7.345   7.089   6.711   6.501   6.578   6.513   6.254   6.340   6.229   6.780   7.261    6.564    6.215   6.548   6.489   7.537   7.016
  0.0750   2912.0  -1.716  3.832   0.550   7.526   6.978   6.457   6.143   6.452   7.605   7.366   7.095   6.837   6.462   6.247   6.327   6.267   6.002   6.091   5.977   6.533   7.010    6.319    5.962   6.295   6.243   7.286   6.764
  0.0800   2946.0  -1.760  3.925   0.510   7.641   7.103   6.574   6.268   6.570   7.718   7.485   7.217   6.964   6.579   6.373   6.447   6.386   6.132   6.215   6.107   6.647   7.134    6.436    6.092   6.418   6.363   7.409   6.892
  0.0900   2974.0  -1.696  3.928   0.540   7.476   6.944   6.410   6.111   6.406   7.552   7.323   7.056   6.808   6.414   6.213   6.285   6.228   5.977   6.059   5.954   6.481   6.976    6.278    5.939   6.255   6.206   7.249   6.736
  0.1000   2983.0  -1.582  3.865   0.611   7.195   6.663   6.125   5.831   6.121   7.271   7.041   6.775   6.527   6.129   5.926   5.999   5.949   5.696   5.778   5.672   6.197   6.695    5.999    5.657   5.968   5.926   6.968   6.455


---------------------------------------------------------------------------------------------------------------------------------------------------------------------------------------------------------------------------------------
  t (Gyr) =   0.010
---------------------------------------------------------------------------------------------------------------------------------------------------------------------------------------------------------------------------------------
    mass     Teff    logL   logg  radius     B_Y     B_J     B_H    B_Ks  B_ND-H    D_Y2    D_Y3    D_J2    D_J3    D_H2    D_H3    D_H4    D_K1    D_K2   N_BrG    N_CO  N_CntH  N_CntJ  N_CntK1  N_CntK2  N_FeII    N_H2   N_HeI   N_PaB
  0.0010    540.0  -5.870  3.184   0.134  18.039  17.417  18.154  18.235  18.156  18.028  17.574  19.659  16.347  17.303  19.979  20.309  17.571  20.440  18.264  21.073  16.783  17.742   17.403   20.925  19.360  17.625  17.589  16.461
  0.0020    746.0  -5.298  3.474   0.136  16.653  15.908  15.887  15.611  15.884  16.689  16.238  17.082  15.062  15.154  16.315  16.746  15.049  16.895  15.390  17.341  14.976  15.857   14.963   17.147  15.896  15.044  16.161  15.073
  0.0030    920.0  -4.914  3.631   0.139  15.638  14.882  14.560  14.356  14.554  15.736  15.238  15.655  14.170  13.992  14.491  15.038  13.932  15.059  14.066  15.358  13.995  14.786   13.904   15.178  14.213  13.897  15.139  14.147
  0.0040   1064.0  -4.645  3.739   0.141  15.162  14.350  13.570  13.424  13.562  15.261  14.837  14.812  13.812  13.198  13.286  13.791  13.132  13.801  13.131  14.066  13.292  14.253   13.145   13.863  13.161  13.079  14.754  13.767
  0.0050   1193.0  -4.429  3.820   0.144  15.024  14.130  12.964  12.483  12.955  15.124  14.753  14.410  13.738  12.775  12.607  12.910  12.357  12.541  12.226  12.733  12.898  14.083   12.409   12.544  12.602  12.289  14.680  13.675
  0.0060   1316.0  -4.244  3.883   0.147  14.803  13.867  12.599  11.836  12.592  14.911  14.559  14.082  13.563  12.484  12.311  12.445  11.801  11.788  11.627  11.921  12.583  13.852   11.865   11.766  12.330  11.734  14.506  13.494
  0.0070   1426.0  -4.091  3.937   0.149  14.813  13.787  12.442  11.451  12.434  14.944  14.577  14.003  13.534  12.404  12.229  12.222  11.483  11.362  11.315  11.412  12.481  13.828   11.538   11.334  12.262  11.434  14.513  13.453
  0.0080   1536.0  -3.945  3.978   0.152  14.689  13.556  12.218  11.099  12.210  14.842  14.442  13.833  13.300  12.250  11.996  11.962  11.211  10.955  11.024  10.937  12.331  13.653   11.268   10.918  12.061  11.173  14.316  13.200
  0.0090   1635.0  -3.820  4.013   0.155  14.328  13.084  11.814  10.774  11.806  14.486  14.068  13.464  12.774  11.857  11.504  11.571  10.911  10.604  10.684  10.597  11.971  13.202   10.986   10.560  11.590  10.863  13.864  12.657
  0.0100   1731.0  -3.704  4.042   0.158  13.862  12.519  11.326  10.456  11.317  14.017  13.596  13.000  12.162  11.369  10.924  11.105  10.607  10.267  10.343  10.280  11.522  12.655   10.700   10.219  11.026  10.549  13.316  12.033
  0.0120   1915.0  -3.488  4.081   0.165  12.749  11.555  10.727  10.067  10.719  12.875  12.490  12.011  11.210  10.748  10.303  10.543  10.235   9.860   9.948   9.873  10.909  11.639   10.339    9.808  10.399  10.172  12.159  11.086
  0.0150   2188.0  -3.125  4.046   0.192  11.281  10.397   9.838   9.326   9.830  11.369  11.062  10.704  10.128   9.839   9.465   9.674   9.499   9.119   9.219   9.120   9.974  10.433    9.599    9.066   9.546   9.438  10.794  10.024
  0.0200   2442.0  -2.709  3.945   0.249  10.067   9.354   8.853   8.411   8.846  10.154   9.870   9.552   9.149   8.855   8.558   8.697   8.566   8.229   8.330   8.212   8.958   9.382    8.644    8.181   8.625   8.520   9.694   9.060
  0.0300   2622.0  -2.435  3.971   0.296   9.338   8.709   8.208   7.811   8.202   9.426   9.155   8.859   8.538   8.213   7.962   8.064   7.948   7.652   7.746   7.628   8.296   8.738    8.012    7.608   8.019   7.913   9.035   8.457
  0.0400   2734.0  -2.411  4.145   0.280   9.253   8.664   8.150   7.788   8.146   9.341   9.082   8.796   8.509   8.155   7.931   8.017   7.914   7.643   7.728   7.620   8.229   8.694    7.971    7.602   7.981   7.884   8.985   8.432
  0.0500   2821.0  -2.233  4.118   0.323   8.818   8.255   7.738   7.394   7.734   8.901   8.654   8.377   8.108   7.744   7.532   7.609   7.514   7.256   7.337   7.231   7.813   8.285    7.566    7.215   7.580   7.487   8.569   8.033
  0.0600   2871.0  -2.188  4.184   0.328   8.715   8.161   7.640   7.309   7.635   8.797   8.554   8.280   8.019   7.644   7.440   7.513   7.425   7.174   7.253   7.150   7.711   8.192    7.476    7.135   7.486   7.401   8.474   7.945
  0.0700   2919.0  -2.099  4.189   0.352   8.493   7.951   7.426   7.106   7.421   8.574   8.337   8.066   7.812   7.430   7.231   7.301   7.221   6.974   7.052   6.951   7.494   7.983    7.270    6.936   7.275   7.197   8.261   7.740
  0.0720   2927.0  -2.083  4.190   0.357   8.451   7.911   7.385   7.067   7.381   8.531   8.296   8.026   7.773   7.389   7.192   7.261   7.181   6.936   7.013   6.913   7.453   7.943    7.230    6.898   7.235   7.158   8.220   7.701
  0.0750   2942.0  -2.022  4.156   0.379   8.299   7.762   7.234   6.921   7.230   8.378   8.145   7.876   7.624   7.238   7.042   7.111   7.034   6.790   6.867   6.766   7.302   7.794    7.082    6.752   7.085   7.011   8.070   7.553
  0.0800   2958.0  -2.016  4.188   0.377   8.288   7.755   7.224   6.914   7.220   8.366   8.136   7.868   7.619   7.228   7.035   7.102   7.026   6.786   6.860   6.763   7.291   7.787    7.074    6.748   7.077   7.004   8.062   7.548
  0.0900   2993.0  -1.943  4.186   0.401   8.104   7.579   7.041   6.741   7.037   8.180   7.954   7.689   7.445   7.044   6.856   6.920   6.850   6.614   6.687   6.592   7.106   7.611    6.897    6.577   6.895   6.828   7.884   7.374
  0.1000   3024.0  -1.854  4.161   0.435   7.885   7.366   6.822   6.529   6.818   7.960   7.739   7.475   7.234   6.825   6.640   6.702   6.637   6.406   6.477   6.383   6.887   7.399    6.682    6.369   6.678   6.616   7.671   7.164


---------------------------------------------------------------------------------------------------------------------------------------------------------------------------------------------------------------------------------------
  t (Gyr) =   0.050
---------------------------------------------------------------------------------------------------------------------------------------------------------------------------------------------------------------------------------------
    mass     Teff    logL   logg  radius     B_Y     B_J     B_H    B_Ks  B_ND-H    D_Y2    D_Y3    D_J2    D_J3    D_H2    D_H3    D_H4    D_K1    D_K2   N_BrG    N_CO  N_CntH  N_CntJ  N_CntK1  N_CntK2  N_FeII    N_H2   N_HeI   N_PaB
  0.0020    491.0  -6.100  3.551   0.124  18.690  18.057  18.866  19.437  18.866  18.644  18.239  20.576  16.939  17.959  21.195  21.550  18.765  21.852  19.506  22.484  17.330  18.478   18.577   22.409  20.543  18.845  18.280  17.126
  0.0030    585.0  -5.789  3.719   0.125  17.739  17.087  17.711  17.717  17.711  17.741  17.274  19.091  16.051  16.844  19.247  19.579  17.059  19.852  17.711  20.440  16.356  17.284   16.894   20.327  18.687  17.117  17.257  16.185
  0.0040    676.0  -5.531  3.837   0.126  17.031  16.350  16.839  16.618  16.839  17.063  16.567  17.993  15.382  16.014  17.875  18.220  15.989  18.392  16.520  18.891  15.640  16.415   15.853   18.756  17.379  16.020  16.511  15.467
  0.0050    756.0  -5.336  3.933   0.126  16.501  15.800  16.088  15.699  16.086  16.560  16.042  17.139  14.902  15.341  16.673  17.024  15.115  17.113  15.515  17.541  15.092  15.780   15.012   17.387  16.255  15.121  15.958  14.948
  0.0060    840.0  -5.152  4.012   0.126  16.048  15.313  15.538  15.243  15.534  16.148  15.585  16.459  14.462  14.821  15.923  16.350  14.709  16.380  15.017  16.732  14.640  15.254   14.630   16.584  15.534  14.702  15.478  14.479
  0.0070    928.0  -4.978  4.078   0.127  15.592  14.847  14.817  14.611  14.813  15.706  15.167  15.703  14.097  14.178  14.934  15.445  14.139  15.487  14.345  15.795  14.098  14.725   14.088   15.637  14.605  14.118  15.057  14.084
  0.0080   1010.0  -4.832  4.136   0.127  15.248  14.512  14.225  14.180  14.220  15.365  14.869  15.155  13.855  13.658  14.166  14.750  13.747  14.906  13.897  15.197  13.646  14.364   13.713   15.026  13.896  13.717  14.771  13.823
  0.0090   1085.0  -4.706  4.187   0.127  15.052  14.303  13.680  13.724  13.674  15.156  14.733  14.756  13.751  13.213  13.506  14.073  13.341  14.310  13.436  14.588  13.244  14.153   13.323   14.405  13.313  13.302  14.652  13.705
  0.0100   1171.0  -4.569  4.228   0.127  15.229  14.372  13.310  12.945  13.303  15.324  14.964  14.669  13.960  13.055  13.028  13.361  12.726  13.169  12.675  13.382  13.136  14.298   12.750   13.200  12.971  12.672  14.884  13.894
  0.0120   1520.0  -4.052  4.243   0.137  14.836  13.744  12.393  11.325  12.387  14.982  14.598  13.988  13.501  12.413  12.196  12.147  11.414  11.202  11.247  11.196  12.485  13.832   11.463   11.168  12.251  11.378  14.500  13.407
  0.0150   1903.0  -3.568  4.246   0.153  12.975  11.734  10.886  10.247  10.877  13.139  12.697  12.184  11.390  10.896  10.462  10.718  10.401  10.051  10.121  10.074  11.056  11.816   10.503   10.002  10.553  10.338  12.372  11.264
  0.0200   1909.0  -3.642  4.450   0.139  13.102  11.859  11.029  10.437  11.020  13.287  12.817  12.287  11.522  11.022  10.608  10.886  10.572  10.253  10.300  10.287  11.178  11.927   10.673   10.207  10.692  10.508  12.502  11.396
  0.0300   2246.0  -3.311  4.578   0.147  11.725  10.845  10.271   9.827  10.263  11.856  11.496  11.120  10.592  10.253   9.913  10.143   9.975   9.636   9.705   9.655  10.378  10.865   10.072    9.586   9.983   9.915  11.254  10.489
  0.0400   2480.0  -3.080  4.644   0.158  10.997  10.273   9.743   9.351   9.737  11.118  10.791  10.463  10.074   9.731   9.455   9.617   9.488   9.181   9.256   9.182   9.828  10.290    9.567    9.134   9.513   9.442  10.627   9.984
  0.0500   2651.0  -2.884  4.661   0.173  10.425   9.806   9.277   8.917   9.272  10.522  10.246   9.952   9.639   9.272   9.042   9.153   9.041   8.768   8.842   8.756   9.351   9.827    9.104    8.724   9.092   9.006  10.133   9.558
  0.0600   2759.0  -2.755  4.680   0.185  10.104   9.538   9.011   8.668   9.007  10.184   9.940   9.669   9.383   9.009   8.797   8.890   8.784   8.529   8.600   8.512   9.080   9.561    8.840    8.486   8.843   8.754   9.849   9.306
  0.0700   2837.0  -2.647  4.688   0.198   9.831   9.294   8.767   8.435   8.763   9.903   9.677   9.416   9.148   8.767   8.569   8.646   8.546   8.303   8.373   8.284   8.832   9.319    8.598    8.263   8.612   8.519   9.598   9.074
  0.0720   2852.0  -2.623  4.685   0.202   9.775   9.236   8.705   8.376   8.701   9.851   9.621   9.356   9.091   8.706   8.510   8.586   8.486   8.246   8.314   8.227   8.770   9.261    8.537    8.206   8.552   8.460   9.542   9.017
  0.0750   2872.0  -2.591  4.683   0.206   9.716   9.173   8.639   8.313   8.635   9.797   9.560   9.291   9.030   8.639   8.447   8.520   8.422   8.185   8.252   8.165   8.702   9.199    8.472    8.145   8.488   8.397   9.482   8.956
  0.0800   2901.0  -2.551  4.689   0.212   9.630   9.081   8.542   8.222   8.538   9.717   9.472   9.198   8.941   8.542   8.355   8.425   8.328   8.096   8.161   8.076   8.604   9.109    8.378    8.057   8.394   8.304   9.395   8.868
  0.0900   2948.0  -2.472  4.689   0.225   9.434   8.897   8.355   8.044   8.351   9.519   9.281   9.010   8.761   8.354   8.175   8.240   8.147   7.922   7.984   7.903   8.414   8.926    8.194    7.885   8.212   8.124   9.208   8.689
  0.1000   2989.0  -2.397  4.683   0.238   9.253   8.727   8.183   7.879   8.179   9.334   9.104   8.837   8.594   8.182   8.009   8.069   7.979   7.761   7.821   7.741   8.240   8.757    8.026    7.725   8.044   7.958   9.034   8.523


---------------------------------------------------------------------------------------------------------------------------------------------------------------------------------------------------------------------------------------
  t (Gyr) =   0.100
---------------------------------------------------------------------------------------------------------------------------------------------------------------------------------------------------------------------------------------
    mass     Teff    logL   logg  radius     B_Y     B_J     B_H    B_Ks  B_ND-H    D_Y2    D_Y3    D_J2    D_J3    D_H2    D_H3    D_H4    D_K1    D_K2   N_BrG    N_CO  N_CntH  N_CntJ  N_CntK1  N_CntK2  N_FeII    N_H2   N_HeI   N_PaB
  0.0020    425.0  -6.383  3.580   0.120  19.833  19.156  19.871  21.214  19.868  19.726  19.420  22.013  17.988  18.905  22.612  23.016  20.558  23.705  21.246  24.364  18.208  19.742   20.389   24.332  21.927  20.645  19.517  18.210
  0.0030    493.0  -6.112  3.746   0.121  18.790  18.132  18.881  19.575  18.881  18.732  18.351  20.557  17.023  17.941  21.048  21.401  18.914  21.871  19.577  22.471  17.326  18.497   18.744   22.424  20.426  18.982  18.384  17.216
  0.0040    563.0  -5.880  3.869   0.122  18.032  17.365  17.999  18.167  17.999  18.015  17.576  19.432  16.316  17.105  19.622  19.946  17.512  20.302  18.138  20.876  16.584  17.572   17.351   20.797  19.066  17.568  17.566  16.476
  0.0050    630.0  -5.686  3.965   0.122  17.434  16.761  17.348  17.275  17.347  17.444  16.970  18.578  15.756  16.485  18.635  18.956  16.634  19.202  17.203  19.718  16.037  16.871   16.489   19.620  18.120  16.677  16.931  15.883
  0.0060    688.0  -5.534  4.048   0.121  17.018  16.323  16.805  16.618  16.804  17.052  16.553  17.918  15.362  15.979  17.782  18.126  15.996  18.348  16.498  18.826  15.609  16.360   15.866   18.709  17.305  16.024  16.488  15.454
  0.0070    760.0  -5.365  4.117   0.121  16.541  15.832  16.187  15.866  16.185  16.601  16.078  17.183  14.926  15.423  16.821  17.174  15.288  17.258  15.676  17.662  15.152  15.801   15.187   17.530  16.401  15.295  15.990  14.979
  0.0080    816.0  -5.246  4.180   0.120  16.265  15.529  15.791  15.514  15.788  16.347  15.805  16.724  14.662  15.055  16.267  16.668  14.955  16.782  15.301  17.161  14.836  15.463   14.866   17.023  15.868  14.955  15.701  14.690
  0.0090    886.0  -5.103  4.232   0.120  15.880  15.115  15.256  15.004  15.253  15.997  15.422  16.120  14.306  14.586  15.502  15.945  14.505  15.993  14.755  16.303  14.449  15.019   14.442   16.168  15.154  14.491  15.303  14.309
  0.0100    953.0  -4.978  4.279   0.120  15.607  14.847  14.810  14.582  14.806  15.730  15.178  15.672  14.106  14.195  14.905  15.383  14.121  15.420  14.312  15.715  14.118  14.715   14.074   15.565  14.597  14.098  15.061  14.088
  0.0120   1335.0  -4.332  4.297   0.129  14.949  14.029  12.774  12.062  12.768  15.051  14.720  14.225  13.746  12.666  12.521  12.632  12.002  12.046  11.858  12.189  12.745  14.019   12.052   12.028  12.538  11.945  14.666  13.672
  0.0150   1399.0  -4.281  4.424   0.124  14.909  13.980  12.709  11.900  12.703  15.015  14.689  14.160  13.730  12.634  12.486  12.538  11.880  11.846  11.730  11.952  12.704  13.989   11.929   11.820  12.510  11.828  14.640  13.653
  0.0200   1561.0  -4.110  4.569   0.122  14.898  13.815  12.492  11.471  12.485  15.041  14.665  14.059  13.569  12.507  12.298  12.257  11.549  11.356  11.389  11.361  12.577  13.902   11.596   11.323  12.349  11.514  14.565  13.475
  0.0300   1979.0  -3.668  4.715   0.126  12.880  11.814  11.068  10.539  11.060  13.006  12.627  12.180  11.499  11.042  10.671  10.947  10.659  10.368  10.398  10.412  11.185  11.842   10.755   10.324  10.744  10.594  12.348  11.377
  0.0400   2270.0  -3.386  4.797   0.132  11.847  11.011  10.436  10.019  10.429  11.971  11.627  11.267  10.765  10.408  10.094  10.323  10.151   9.841   9.892   9.867  10.526  11.020   10.244    9.792  10.157  10.091  11.406  10.664
  0.0500   2493.0  -3.167  4.837   0.141  11.220  10.493   9.955   9.582   9.949  11.351  11.011  10.680  10.296   9.938   9.670   9.839   9.712   9.415   9.480   9.422  10.033  10.506    9.790    9.368   9.725   9.665  10.849  10.206
  0.0600   2648.0  -3.008  4.863   0.150  10.778  10.133   9.592   9.241   9.586  10.892  10.590  10.284   9.964   9.582   9.353   9.474   9.361   9.092   9.159   9.085   9.661  10.152    9.426    9.047   9.402   9.325  10.472   9.882
  0.0700   2762.0  -2.879  4.874   0.160  10.443   9.856   9.315   8.976   9.311  10.537  10.273   9.989   9.702   9.311   9.105   9.198   9.089   8.840   8.906   8.827   9.380   9.879    9.145    8.798   9.148   9.059  10.179   9.625
  0.0720   2782.0  -2.856  4.875   0.162  10.382   9.805   9.262   8.925   9.258  10.474  10.215   9.934   9.654   9.259   9.057   9.144   9.035   8.792   8.856   8.777   9.326   9.829    9.090    8.750   9.100   9.006  10.126   9.577
  0.0750   2809.0  -2.821  4.875   0.166  10.284   9.718   9.175   8.841   9.171  10.374  10.122   9.843   9.570   9.172   8.977   9.057   8.949   8.711   8.774   8.695   9.237   9.743    9.002    8.670   9.018   8.922  10.037   9.495
  0.0800   2846.0  -2.776  4.880   0.170  10.176   9.621   9.078   8.752   9.074  10.264  10.017   9.742   9.475   9.076   8.884   8.962   8.859   8.624   8.687   8.608   9.139   9.646    8.910    8.584   8.924   8.832   9.935   9.401
  0.0900   2910.0  -2.689  4.884   0.180   9.974   9.424   8.877   8.564   8.873  10.065   9.817   9.541   9.284   8.875   8.692   8.763   8.667   8.440   8.501   8.423   8.935   9.450    8.717    8.401   8.730   8.643   9.739   9.212
  0.1000   2960.0  -2.617  4.887   0.189   9.793   9.257   8.708   8.404   8.704   9.880   9.642   9.370   9.121   8.706   8.531   8.596   8.504   8.286   8.343   8.268   8.764   9.285    8.552    8.247   8.566   8.482   9.568   9.050


---------------------------------------------------------------------------------------------------------------------------------------------------------------------------------------------------------------------------------------
  t (Gyr) =   0.120
---------------------------------------------------------------------------------------------------------------------------------------------------------------------------------------------------------------------------------------
    mass     Teff    logL   logg  radius     B_Y     B_J     B_H    B_Ks  B_ND-H    D_Y2    D_Y3    D_J2    D_J3    D_H2    D_H3    D_H4    D_K1    D_K2   N_BrG    N_CO  N_CntH  N_CntJ  N_CntK1  N_CntK2  N_FeII    N_H2   N_HeI   N_PaB
  0.0020    403.0  -6.481  3.588   0.119  20.249  19.587  20.326  21.986  20.323  20.102  19.869  22.614  18.391  19.310  23.250  23.646  21.337  24.427  21.977  25.043  18.583  20.260   21.184   25.023  22.560  21.420  20.001  18.623
  0.0030    475.0  -6.183  3.753   0.120  19.074  18.398  19.139  20.082  19.137  18.999  18.647  20.900  17.274  18.177  21.421  21.793  19.424  22.386  20.066  22.994  17.543  18.800   19.261   22.954  20.789  19.494  18.689  17.469
  0.0040    537.0  -5.970  3.876   0.121  18.326  17.656  18.320  18.671  18.319  18.291  17.879  19.824  16.588  17.401  20.075  20.401  18.016  20.829  18.635  21.404  16.850  17.902   17.856   21.345  19.508  18.073  17.881  16.764
  0.0050    599.0  -5.781  3.974   0.121  17.736  17.060  17.630  17.688  17.629  17.733  17.276  18.968  16.038  16.750  19.046  19.377  17.038  19.735  17.634  20.290  16.272  17.201   16.885   20.202  18.515  17.089  17.248  16.184
  0.0060    665.0  -5.602  4.055   0.120  17.201  16.513  17.057  16.918  17.056  17.223  16.736  18.197  15.533  16.212  18.164  18.492  16.291  18.704  16.811  19.184  15.805  16.574   16.157   19.081  17.675  16.324  16.681  15.642
  0.0070    716.0  -5.477  4.127   0.120  16.846  16.138  16.550  16.319  16.548  16.889  16.382  17.615  15.202  15.751  17.354  17.700  15.716  17.900  16.162  18.346  15.427  16.138   15.600   18.226  16.907  15.734  16.306  15.278
  0.0080    783.0  -5.326  4.188   0.119  16.470  15.738  16.070  15.837  16.067  16.538  16.009  17.019  14.847  15.304  16.661  17.049  15.271  17.154  15.629  17.539  15.046  15.685   15.178   17.413  16.244  15.275  15.913  14.891
  0.0090    835.0  -5.219  4.243   0.119  16.185  15.439  15.682  15.421  15.679  16.273  15.726  16.587  14.586  14.957  16.110  16.522  14.879  16.609  15.198  16.962  14.752  15.361   14.796   16.831  15.722  14.876  15.618  14.607
  0.0100    900.0  -5.088  4.290   0.119  15.825  15.036  15.182  14.923  15.179  15.954  15.361  16.020  14.232  14.526  15.396  15.830  14.430  15.883  14.670  16.187  14.400  14.936   14.370   16.051  15.060  14.416  15.234  14.230
  0.0120   1273.0  -4.432  4.314   0.126  15.142  14.232  12.995  12.379  12.988  15.238  14.910  14.447  13.915  12.849  12.738  12.898  12.262  12.437  12.147  12.611  12.925  14.203   12.304   12.436  12.737  12.205  14.843  13.841
  0.0150   1298.0  -4.436  4.450   0.121  15.160  14.243  12.989  12.333  12.983  15.257  14.938  14.441  13.950  12.871  12.758  12.868  12.227  12.373  12.115  12.544  12.937  14.228   12.265   12.367  12.765  12.176  14.872  13.874
  0.0200   1484.0  -4.218  4.590   0.119  14.990  13.976  12.679  11.740  12.673  15.122  14.763  14.187  13.736  12.668  12.494  12.463  11.779  11.656  11.640  11.689  12.731  14.037   11.819   11.627  12.534  11.746  14.685  13.651
  0.0300   1905.0  -3.764  4.745   0.122  13.421  12.146  11.289  10.738  11.281  13.660  13.117  12.553  11.817  11.262  10.885  11.174  10.845  10.578  10.596  10.626  11.409  12.204   10.936   10.537  10.957  10.782  12.823  11.689
  0.0400   2204.0  -3.472  4.831   0.127  12.214  11.284  10.649  10.206  10.641  12.361  11.973  11.568  11.020  10.619  10.291  10.535  10.335  10.028  10.073  10.061  10.745  11.298   10.430    9.980  10.356  10.273  11.735  10.913
  0.0500   2441.0  -3.244  4.878   0.135  11.435  10.670  10.125   9.750  10.119  11.578  11.217  10.873  10.463  10.102   9.825  10.015   9.878   9.582   9.640   9.596  10.203  10.681    9.961    9.535   9.882   9.828  11.040  10.369
  0.0600   2606.0  -3.083  4.909   0.142  10.971  10.312   9.774   9.418   9.768  11.086  10.780  10.472  10.135   9.761   9.522   9.658   9.541   9.264   9.330   9.261   9.845  10.328    9.610    9.218   9.573   9.501  10.651  10.051
  0.0700   2733.0  -2.944  4.921   0.152  10.611  10.006   9.462   9.123   9.458  10.714  10.435  10.144   9.848   9.456   9.244   9.346   9.237   8.983   9.048   8.972   9.528  10.027    9.296    8.939   9.288   9.205  10.335   9.769
  0.0720   2753.0  -2.922  4.923   0.153  10.562   9.966   9.421   9.083   9.417  10.662  10.390  10.101   9.811   9.416   9.209   9.305   9.196   8.947   9.011   8.934   9.486   9.989    9.253    8.904   9.252   9.165  10.293   9.733
  0.0750   2783.0  -2.886  4.923   0.157  10.455   9.873   9.326   8.990   9.322  10.551  10.287  10.002   9.722   9.322   9.123   9.210   9.100   8.858   8.921   8.844   9.389   9.897    9.154    8.817   9.165   9.071  10.197   9.646
  0.0800   2824.0  -2.838  4.929   0.161  10.335   9.768   9.220   8.891   9.216  10.428  10.172   9.892   9.621   9.217   9.025   9.104   8.997   8.763   8.824   8.747   9.281   9.793    9.050    8.722   9.065   8.970  10.088   9.546
  0.0900   2894.0  -2.753  4.937   0.169  10.130   9.578   9.031   8.716   9.027  10.221   9.973   9.696   9.437   9.028   8.844   8.917   8.820   8.592   8.652   8.575   9.089   9.604    8.870    8.552   8.882   8.795   9.894   9.364
  0.1000   2949.0  -2.673  4.936   0.178   9.939   9.399   8.849   8.545   8.845  10.028   9.786   9.514   9.263   8.847   8.671   8.738   8.645   8.426   8.482   8.408   8.905   9.427    8.693    8.387   8.706   8.622   9.712   9.191


---------------------------------------------------------------------------------------------------------------------------------------------------------------------------------------------------------------------------------------
  t (Gyr) =   0.500
---------------------------------------------------------------------------------------------------------------------------------------------------------------------------------------------------------------------------------------
    mass     Teff    logL   logg  radius     B_Y     B_J     B_H    B_Ks  B_ND-H    D_Y2    D_Y3    D_J2    D_J3    D_H2    D_H3    D_H4    D_K1    D_K2   N_BrG    N_CO  N_CntH  N_CntJ  N_CntK1  N_CntK2  N_FeII    N_H2   N_HeI   N_PaB
  0.0050    409.0  -6.496  4.027   0.113  20.430  19.780  20.415  22.409  20.407  20.222  20.117  22.577  18.591  19.302  22.899  23.268  21.787  24.452  22.197  24.994  18.616  20.344   21.690   25.009  22.283  21.831  20.241  18.799
  0.0060    449.0  -6.340  4.112   0.113  19.799  19.054  19.661  21.267  19.656  19.667  19.425  21.524  17.916  18.608  21.839  22.232  20.637  23.353  21.102  23.915  17.974  19.438   20.521   23.926  21.242  20.689  19.473  18.104
  0.0070    488.0  -6.200  4.185   0.112  19.241  18.522  19.125  20.250  19.122  19.140  18.846  20.763  17.421  18.105  20.963  21.323  19.618  22.266  20.098  22.794  17.527  18.798   19.496   22.803  20.402  19.662  18.866  17.595
  0.0080    525.0  -6.080  4.249   0.111  18.772  18.043  18.640  19.447  18.637  18.706  18.353  20.107  16.978  17.663  20.274  20.629  18.817  21.393  19.300  21.895  17.122  18.231   18.690   21.897  19.735  18.857  18.346  17.149
  0.0090    564.0  -5.963  4.307   0.110  18.394  17.657  18.202  18.780  18.198  18.351  17.965  19.540  16.622  17.256  19.597  19.950  18.153  20.648  18.625  21.136  16.763  17.771   18.030   21.117  19.084  18.190  17.935  16.769
  0.0100    599.0  -5.864  4.358   0.110  18.039  17.299  17.849  18.198  17.846  18.016  17.599  19.073  16.287  16.937  19.096  19.427  17.576  20.006  18.036  20.482  16.473  17.365   17.454   20.452  18.608  17.608  17.553  16.427
  0.0120    759.0  -5.447  4.432   0.110  16.783  16.037  16.456  16.333  16.453  16.832  16.326  17.376  15.127  15.654  17.173  17.550  15.774  17.637  16.117  17.992  15.344  15.972   15.682   17.905  16.748  15.781  16.232  15.190
  0.0150    791.0  -5.404  4.557   0.107  16.646  15.876  16.210  16.102  16.208  16.711  16.189  17.102  14.991  15.443  16.778  17.172  15.549  17.368  15.880  17.710  15.177  15.788   15.462   17.621  16.378  15.555  16.082  15.034
  0.0200    936.0  -5.133  4.704   0.104  15.969  15.163  15.275  15.087  15.271  16.095  15.515  16.059  14.384  14.642  15.463  15.884  14.624  15.946  14.825  16.209  14.513  15.028   14.573   16.103  15.154  14.610  15.382  14.371
  0.0300   1264.0  -4.636  4.905   0.101  15.316  14.471  13.422  13.093  13.416  15.414  15.072  14.711  14.106  13.192  13.214  13.470  12.856  13.347  12.834  13.568  13.233  14.402   12.868   13.387  13.159  12.815  14.999  14.032
  0.0400   1583.0  -4.255  5.040   0.100  15.236  14.212  12.923  11.936  12.917  15.373  15.011  14.428  13.986  12.937  12.761  12.693  11.998  11.838  11.860  11.847  12.996  14.292   12.035   11.806  12.805  11.970  14.930  13.897
  0.0500   1875.0  -3.955  5.131   0.101  13.911  12.707  11.805  11.247  11.798  14.172  13.615  13.059  12.404  11.759  11.456  11.705  11.312  11.123  11.110  11.183  11.882  12.749   11.383   11.088  11.511  11.258  13.371  12.278
  0.0600   2116.0  -3.729  5.194   0.102  12.901  11.864  11.237  10.894  11.230  13.166  12.615  12.166  11.589  11.169  10.881  11.183  10.969  10.757  10.743  10.826  11.291  11.869   11.051   10.717  10.930  10.907  12.365  11.472
  0.0700   2329.0  -3.534  5.233   0.106  12.011  11.288  10.776  10.459  10.770  12.120  11.801  11.520  11.053  10.724  10.457  10.707  10.555  10.307  10.321  10.356  10.831  11.267   10.639   10.263  10.506  10.496  11.607  10.949
  0.0720   2369.0  -3.498  5.238   0.107  12.075  11.251  10.691  10.368  10.685  12.262  11.838  11.476  11.027  10.645  10.380  10.615  10.470  10.213  10.234  10.256  10.748  11.247   10.554   10.167  10.429  10.413  11.642  10.926
  0.0750   2426.0  -3.445  5.244   0.108  11.971  11.169  10.602  10.268  10.597  12.155  11.738  11.378  10.957  10.563  10.307  10.517  10.374  10.115  10.144  10.148  10.661  11.170   10.454   10.070  10.356  10.321  11.559  10.860
  0.0800   2518.0  -3.356  5.248   0.111  11.713  10.970  10.408  10.077  10.403  11.879  11.496  11.154  10.776  10.377  10.138  10.316  10.185   9.928   9.966   9.948  10.466  10.975   10.260    9.882  10.185  10.138  11.342  10.684
  0.0900   2680.0  -3.189  5.241   0.119  11.160  10.575  10.040   9.716  10.036  11.246  10.989  10.724  10.406  10.024   9.811   9.937   9.826   9.576   9.628   9.576  10.099  10.583    9.890    9.530   9.854   9.789  10.882  10.324
  0.1000   2804.0  -3.047  5.223   0.128  10.884  10.289   9.726   9.409   9.722  10.996  10.711  10.419  10.139   9.717   9.529   9.619   9.511   9.283   9.335   9.274   9.781  10.309    9.565    9.241   9.567   9.482  10.621  10.062


---------------------------------------------------------------------------------------------------------------------------------------------------------------------------------------------------------------------------------------
  t (Gyr) =   1.000
---------------------------------------------------------------------------------------------------------------------------------------------------------------------------------------------------------------------------------------
    mass     Teff    logL   logg  radius     B_Y     B_J     B_H    B_Ks  B_ND-H    D_Y2    D_Y3    D_J2    D_J3    D_H2    D_H3    D_H4    D_K1    D_K2   N_BrG    N_CO  N_CntH  N_CntJ  N_CntK1  N_CntK2  N_FeII    N_H2   N_HeI   N_PaB
  0.0070    403.0  -6.556  4.208   0.109  20.713  20.089  20.600  22.917  20.591  20.467  20.453  22.800  18.895  19.436  22.913  23.302  22.303  24.887  22.647  25.425  18.784  20.640   22.230   25.445  22.316  22.342  20.591  19.050
  0.0080    438.0  -6.417  4.272   0.108  20.201  19.463  20.007  21.892  20.001  20.027  19.869  21.936  18.310  18.915  22.114  22.491  21.284  23.794  21.645  24.313  18.288  19.870   21.198   24.338  21.540  21.322  19.934  18.472
  0.0090    464.0  -6.325  4.331   0.107  19.825  19.065  19.584  21.189  19.578  19.686  19.469  21.337  17.943  18.513  21.436  21.816  20.574  23.106  20.965  23.626  17.931  19.374   20.480   23.648  20.881  20.613  19.500  18.089
  0.0100    491.0  -6.235  4.383   0.107  19.375  18.633  19.193  20.502  19.187  19.259  18.999  20.750  17.540  18.141  20.856  21.231  19.881  22.387  20.286  22.870  17.591  18.857   19.779   22.904  20.318  19.913  19.009  17.690
  0.0120    578.0  -5.955  4.467   0.106  18.365  17.603  18.138  18.738  18.134  18.324  17.940  19.387  16.581  17.194  19.405  19.752  18.124  20.490  18.540  20.943  16.720  17.669   18.012   20.942  18.918  18.151  17.896  16.720
  0.0150    628.0  -5.835  4.587   0.103  17.972  17.194  17.684  18.085  17.680  17.957  17.538  18.787  16.212  16.786  18.725  19.072  17.492  19.666  17.872  20.065  16.367  17.193   17.390   20.051  18.268  17.513  17.472  16.322
  0.0200    766.0  -5.514  4.736   0.100  16.988  16.186  16.545  16.605  16.542  17.036  16.537  17.418  15.294  15.760  17.156  17.547  16.067  17.826  16.365  18.144  15.474  16.088   15.988   18.087  16.756  16.073  16.431  15.341
  0.0300   1009.0  -5.071  4.948   0.096  15.813  15.064  14.851  14.813  14.847  15.906  15.445  15.671  14.409  14.258  14.936  15.441  14.396  15.528  14.546  15.770  14.168  14.871   14.357   15.659  14.654  14.379  15.335  14.370
  0.0400   1271.0  -4.696  5.099   0.093  15.335  14.509  13.589  13.336  13.584  15.440  15.077  14.768  14.123  13.324  13.409  13.698  13.088  13.615  13.081  13.828  13.352  14.425   13.094   13.662  13.333  13.052  15.002  14.050
  0.0500   1543.0  -4.374  5.211   0.092  15.321  14.332  13.085  12.180  13.079  15.455  15.098  14.540  14.100  13.082  12.922  12.875  12.211  12.103  12.084  12.139  13.138  14.398   12.246   12.072  12.959  12.184  15.019  14.013
  0.0600   1801.0  -4.106  5.291   0.092  14.281  13.194  12.261  11.593  12.254  14.509  14.013  13.494  12.920  12.227  11.979  12.132  11.648  11.487  11.477  11.533  12.324  13.229   11.702   11.452  12.026  11.604  13.815  12.801
  0.0700   2082.0  -3.829  5.333   0.094  13.116  12.064  11.445  11.146  11.438  13.413  12.821  12.367  11.785  11.363  11.096  11.413  11.200  11.025  10.992  11.107  11.481  12.062   11.275   10.988  11.138  11.140  12.572  11.665
  0.0720   2140.0  -3.772  5.336   0.095  13.031  12.013  11.389  11.069  11.383  13.309  12.747  12.301  11.744  11.314  11.051  11.346  11.129  10.944  10.920  11.018  11.428  12.011   11.205   10.906  11.094  11.070  12.509  11.627
  0.0750   2234.0  -3.679  5.334   0.098  12.725  11.821  11.213  10.864  11.207  12.935  12.472  12.083  11.569  11.153  10.891  11.150  10.940  10.729  10.724  10.789  11.260  11.813   11.017   10.689  10.936  10.882  12.260  11.458
  0.0800   2383.0  -3.527  5.323   0.102  12.175  11.339  10.770  10.458  10.764  12.381  11.932  11.560  11.119  10.722  10.467  10.699  10.553  10.310  10.324  10.355  10.822  11.335   10.635   10.265  10.514  10.497  11.741  11.018
  0.0900   2627.0  -3.268  5.285   0.113  11.411  10.767  10.219   9.894  10.214  11.528  11.222  10.927  10.590  10.197   9.977  10.119  10.004   9.750   9.798   9.757  10.276  10.773   10.071    9.705  10.021   9.963  11.098  10.504
  0.1000   2784.0  -3.083  5.246   0.125  10.970  10.365   9.802   9.485   9.798  11.085  10.793  10.498  10.212   9.792   9.600   9.695   9.588   9.356   9.407   9.348   9.857  10.383    9.644    9.313   9.638   9.557  10.699  10.134


---------------------------------------------------------------------------------------------------------------------------------------------------------------------------------------------------------------------------------------
  t (Gyr) =   5.000
---------------------------------------------------------------------------------------------------------------------------------------------------------------------------------------------------------------------------------------
    mass     Teff    logL   logg  radius     B_Y     B_J     B_H    B_Ks  B_ND-H    D_Y2    D_Y3    D_J2    D_J3    D_H2    D_H3    D_H4    D_K1    D_K2   N_BrG    N_CO  N_CntH  N_CntJ  N_CntK1  N_CntK2  N_FeII    N_H2   N_HeI   N_PaB
  0.0200    473.0  -6.401  4.786   0.095  20.108  19.360  19.739  21.677  19.731  19.924  19.819  21.339  18.260  18.633  21.189  21.590  21.094  23.311  21.339  23.740  18.131  19.588   21.043   23.804  20.687  21.112  19.848  18.315
  0.0300    610.0  -6.008  5.011   0.090  18.592  17.739  18.133  19.074  18.127  18.546  18.196  19.160  16.768  17.213  19.017  19.390  18.524  20.415  18.780  20.733  16.828  17.701   18.459   20.776  18.592  18.535  18.122  16.817
  0.0400    760.0  -5.670  5.179   0.085  17.469  16.594  16.907  17.283  16.903  17.504  17.038  17.688  15.727  16.141  17.434  17.830  16.797  18.309  17.007  18.560  15.872  16.462   16.741   18.554  17.067  16.800  16.926  15.746
  0.0500    931.0  -5.353  5.313   0.082  16.520  15.640  15.826  15.943  15.823  16.636  16.076  16.461  14.872  15.192  16.046  16.478  15.537  16.655  15.687  16.839  15.038  15.475   15.497   16.802  15.749  15.532  15.936  14.840
  0.0600   1120.0  -5.058  5.418   0.079  15.818  15.019  14.774  14.739  14.770  15.950  15.451  15.499  14.435  14.281  14.747  15.212  14.430  15.180  14.493  15.345  14.234  14.847   14.414   15.268  14.539  14.412  15.336  14.376
  0.0700   1524.0  -4.504  5.466   0.081  15.443  14.503  13.311  12.487  13.306  15.573  15.222  14.700  14.265  13.294  13.152  13.125  12.484  12.439  12.369  12.504  13.344  14.554   12.516   12.411  13.183  12.455  15.147  14.179
  0.0720   1712.0  -4.278  5.453   0.083  14.799  13.853  12.797  12.017  12.792  14.966  14.570  14.064  13.633  12.783  12.612  12.622  12.057  11.929  11.917  11.968  12.845  13.890   12.097   11.897  12.650  12.024  14.451  13.533
  0.0750   2006.0  -3.942  5.411   0.089  13.516  12.465  11.784  11.393  11.778  13.804  13.228  12.762  12.191  11.713  11.463  11.729  11.444  11.281  11.256  11.349  11.821  12.468   11.508   11.246  11.503  11.391  12.997  12.071
  0.0800   2320.0  -3.603  5.353   0.099  12.097  11.427  10.935  10.638  10.929  12.180  11.898  11.657  11.188  10.876  10.621  10.878  10.720  10.497  10.497  10.554  10.979  11.393   10.800   10.455  10.666  10.662  11.712  11.082
  0.0900   2622.0  -3.275  5.289   0.113  11.431  10.776  10.226   9.901  10.220  11.554  11.239  10.938  10.599  10.203   9.983  10.127  10.010   9.757   9.803   9.764  10.283  10.783   10.078    9.711  10.027   9.969  11.113  10.513
  0.1000   2785.0  -3.083  5.247   0.125  10.968  10.364   9.801   9.483   9.797  11.083  10.792  10.496  10.210   9.790   9.599   9.694   9.586   9.354   9.406   9.347   9.856  10.382    9.642    9.312   9.637   9.556  10.697  10.133


---------------------------------------------------------------------------------------------------------------------------------------------------------------------------------------------------------------------------------------
  t (Gyr) =  10.000
---------------------------------------------------------------------------------------------------------------------------------------------------------------------------------------------------------------------------------------
    mass     Teff    logL   logg  radius     B_Y     B_J     B_H    B_Ks  B_ND-H    D_Y2    D_Y3    D_J2    D_J3    D_H2    D_H3    D_H4    D_K1    D_K2   N_BrG    N_CO  N_CntH  N_CntJ  N_CntK1  N_CntK2  N_FeII    N_H2   N_HeI   N_PaB
  0.0300    504.0  -6.358  5.029   0.088  19.856  19.124  19.468  21.287  19.459  19.679  19.581  20.834  18.066  18.390  20.605  21.010  20.719  22.769  20.923  23.138  17.953  19.255   20.680   23.218  20.139  20.729  19.590  18.077
  0.0400    634.0  -6.004  5.200   0.083  18.579  17.722  18.070  19.004  18.065  18.530  18.203  19.004  16.785  17.192  18.816  19.180  18.480  20.220  18.699  20.501  16.847  17.663   18.425   20.548  18.420  18.488  18.127  16.804
  0.0500    776.0  -5.695  5.338   0.079  17.549  16.653  16.935  17.380  16.932  17.588  17.126  17.659  15.809  16.195  17.396  17.796  16.924  18.292  17.099  18.508  15.948  16.509   16.877   18.514  17.048  16.926  17.011  15.809
  0.0600    941.0  -5.393  5.450   0.076  16.641  15.737  15.932  16.095  15.929  16.762  16.196  16.529  14.977  15.314  16.130  16.554  15.705  16.762  15.840  16.932  15.166  15.570   15.669   16.906  15.847  15.701  16.051  14.937
  0.0720   1556.0  -4.472  5.481   0.081  15.453  14.491  13.286  12.414  13.281  15.588  15.233  14.694  14.262  13.283  13.131  13.084  12.436  12.346  12.315  12.389  13.335  14.554   12.469   12.315  13.167  12.410  15.154  14.173
  0.0750   1997.0  -3.954  5.415   0.089  13.592  12.527  11.822  11.417  11.816  13.881  13.304  12.828  12.251  11.751  11.502  11.764  11.466  11.307  11.281  11.375  11.859  12.533   11.529   11.273  11.543  11.414  13.074  12.131
  0.0800   2322.0  -3.602  5.353   0.099  12.101  11.426  10.932  10.634  10.926  12.188  11.901  11.656  11.188  10.873  10.618  10.874  10.717  10.493  10.494  10.550  10.976  11.393   10.797   10.451  10.663  10.658  11.715  11.082
  0.0900   2624.0  -3.274  5.289   0.113  11.423  10.773  10.223   9.898  10.218  11.544  11.232  10.933  10.595  10.201   9.980  10.124  10.008   9.754   9.801   9.762  10.280  10.779   10.075    9.709  10.024   9.967  11.107  10.509
  0.1000   2786.0  -3.082  5.246   0.125  10.966  10.362   9.799   9.482   9.795  11.081  10.790  10.495  10.209   9.789   9.598   9.692   9.585   9.353   9.405   9.346   9.855  10.381    9.641    9.311   9.636   9.555  10.696  10.132
