
 Model atmospheres, synthetic spectra and photometry
 Baraffe, Homeier, Allard, Chabrier 2015, accepted by A&A:
 "New evolutionary models for pre-main sequence and main sequence low-mass stars down to the hydrogen-burning limit"

 Isochrones of the models from:

 Baraffe, Chabrier, Barman, Allard, Hauschildt, 2003, A&A 401, 701
 "Evolutionary models for cool brown dwarfs and extrasolar giant planets. The case of HD 209458"

 logL: log L/Lsun
 radius : R/Rsun

 photospheric magnitudes for SPHERE_IRDIS filter transmissions from Nov. 2014 (A. Vigan, priv. comm.)
 + atmospheric transmission for Paranal at 1.0mm H2O, airmass=1.0 from VISTA calibration

Teff log g [M/H]  R/Rs D[pc] B_Y     B_J     B_H     B_Ks    B_ND-H  D_Y2    D_Y3    D_J2    D_J3    D_H2    D_H3    D_H4    D_K1    D_K2    N_BrG   N_CO    N_CntH  N_CntJ  N_CntK1 N_CntK2 N_FeII  N_H2    N_HeI   N_PaB    J-H    H-Ks  (SPHERE IRDIS)
  absolute magnitudes for isochronal radii



---------------------------------------------------------------------------------------------------------------------------------------------------------------------------------------------------------------------------------------
t (Gyr) =   0.001
---------------------------------------------------------------------------------------------------------------------------------------------------------------------------------------------------------------------------------------
    mass     Teff    logL   logg  radius     B_Y     B_J     B_H    B_Ks  B_ND-H    D_Y2    D_Y3    D_J2    D_J3    D_H2    D_H3    D_H4    D_K1    D_K2   N_BrG    N_CO  N_CntH  N_CntJ  N_CntK1  N_CntK2  N_FeII    N_H2   N_HeI   N_PaB 
  0.0005    628.0  -5.370  2.645   0.176  17.215  16.560  16.545  16.504  16.542  17.214  16.769  17.953  15.553  15.738  17.044  17.539  15.954  17.746  16.247  18.227  15.560  16.570   15.892   18.014  16.572  15.934  16.736  15.569 
  0.0010    942.0  -4.715  2.996   0.166  15.459  14.735  13.819  13.689  13.810  15.528  15.097  15.246  14.055  13.474  13.359  13.956  13.419  13.972  13.355  14.243  13.659  14.623   13.453   14.025  13.264  13.347  15.023  14.022 
  0.0020   1285.0  -4.137  3.259   0.174  14.937  13.937  12.518  11.490  12.510  15.060  14.682  14.142  13.617  12.435  12.250  12.287  11.527  11.374  11.326  11.441  12.536  13.928   11.594   11.341  12.277  11.459  14.620  13.545 
  0.0030   1553.0  -3.746  3.372   0.187  15.175  13.850  12.270  10.971  12.261  15.339  14.923  14.213  13.574  12.354  12.045  11.945  11.122  10.805  10.923  10.756  12.444  14.019   11.180   10.763  12.129  11.088  14.782  13.464 
  0.0040   1747.0  -3.482  3.438   0.200  13.750  12.295  11.040  10.077  11.030  13.878  13.492  12.884  11.865  11.115  10.598  10.761  10.278   9.848   9.981   9.833  11.289  12.466   10.380    9.792  10.719  10.216  13.157  11.733 
  0.0050   1901.0  -3.273  3.472   0.215  12.244  11.093  10.295   9.584  10.285  12.313  12.020  11.601  10.692  10.325   9.839  10.066   9.793   9.344   9.473   9.337  10.502  11.181    9.907    9.287   9.945   9.720  11.647  10.573 
  0.0060   2004.0  -3.129  3.499   0.228  11.730  10.653   9.931   9.265   9.922  11.811  11.497  11.081  10.289   9.953   9.497   9.710   9.475   9.027   9.160   9.014  10.118  10.713    9.586    8.969   9.596   9.403  11.153  10.175 
  0.0070   2098.0  -2.998  3.515   0.242  11.101  10.175   9.581   8.990   9.572  11.164  10.887  10.536   9.845   9.591   9.172   9.377   9.187   8.760   8.886   8.747   9.743  10.213    9.292    8.705   9.263   9.119  10.571   9.738 
  0.0080   2159.0  -2.893  3.517   0.258  10.731   9.863   9.296   8.734   9.288  10.797  10.522  10.175   9.561   9.301   8.912   9.100   8.924   8.513   8.636   8.498   9.440   9.892    9.023    8.460   8.997   8.860  10.238   9.458 
  0.0090   2207.0  -2.811  3.525   0.271  10.500   9.664   9.116   8.569   9.108  10.571  10.290   9.951   9.375   9.122   8.745   8.923   8.755   8.354   8.475   8.335   9.255   9.690    8.850    8.300   8.828   8.694  10.024   9.275 
  0.0100   2251.0  -2.735  3.529   0.285  10.220   9.424   8.890   8.367   8.883  10.294  10.014   9.677   9.155   8.893   8.539   8.702   8.546   8.158   8.277   8.138   9.018   9.446    8.637    8.106   8.616   8.489   9.772   9.058 
  0.0120   2321.0  -2.615  3.541   0.307   9.890   9.135   8.623   8.124   8.616   9.967   9.687   9.362   8.884   8.625   8.289   8.442   8.297   7.923   8.039   7.902   8.743   9.155    8.381    7.872   8.364   8.243   9.469   8.790 
  0.0150   2400.0  -2.455  3.537   0.345   9.443   8.739   8.242   7.769   8.235   9.524   9.243   8.931   8.510   8.245   7.935   8.068   7.930   7.579   7.692   7.555   8.352   8.755    8.007    7.531   8.005   7.883   9.057   8.419 
  0.0200   2484.0  -2.280  3.546   0.395   8.963   8.299   7.807   7.362   7.801   9.047   8.769   8.465   8.089   7.811   7.523   7.642   7.515   7.183   7.290   7.157   7.907   8.316    7.586    7.137   7.588   7.472   8.612   8.003 
  0.0300   2598.0  -2.174  3.694   0.408   8.674   8.055   7.558   7.148   7.553   8.761   8.490   8.196   7.868   7.560   7.301   7.404   7.290   6.983   7.082   6.958   7.646   8.072    7.353    6.939   7.360   7.252   8.365   7.785 
  0.0400   2746.0  -1.939  3.681   0.478   8.072   7.499   6.997   6.630   6.992   8.156   7.900   7.619   7.334   7.000   6.767   6.853   6.762   6.478   6.573   6.451   7.077   7.520    6.817    6.436   6.821   6.732   7.803   7.256 
  0.0500   2768.0  -1.637  3.489   0.666   7.311   6.742   6.240   5.884   6.235   7.393   7.139   6.861   6.579   6.245   6.006   6.095   6.019   5.729   5.828   5.701   6.322   6.763    6.074    5.687   6.061   5.989   7.043   6.501 
  0.0600   2824.0  -1.604  3.570   0.665   7.231   6.674   6.163   5.825   6.158   7.313   7.064   6.789   6.517   6.167   5.935   6.022   5.957   5.674   5.770   5.646   6.242   6.696    6.010    5.631   5.988   5.928   6.975   6.441 
  0.0700   2853.0  -1.478  3.529   0.753   6.920   6.368   5.852   5.525   5.847   7.001   6.753   6.480   6.212   5.855   5.623   5.711   5.658   5.373   5.471   5.345   5.932   6.389    5.712    5.330   5.675   5.630   6.666   6.136 
  0.0720   2858.0  -1.455  3.520   0.771   6.861   6.310   5.794   5.468   5.789   6.943   6.695   6.422   6.154   5.797   5.564   5.653   5.602   5.316   5.414   5.288   5.873   6.331    5.655    5.273   5.616   5.574   6.608   6.079 
  0.0750   2833.0  -1.389  3.457   0.847   6.690   6.133   5.621   5.289   5.616   6.772   6.522   6.248   5.976   5.625   5.387   5.478   5.424   5.135   5.235   5.106   5.703   6.155    5.479    5.091   5.440   5.396   6.432   5.900 
  0.0800   2869.0  -1.373  3.492   0.840   6.659   6.109   5.591   5.271   5.586   6.741   6.493   6.221   5.954   5.595   5.360   5.450   5.405   5.118   5.217   5.090   5.672   6.131    5.459    5.074   5.412   5.377   6.407   5.879 
  0.0900   2867.0  -1.289  3.457   0.927   6.447   5.896   5.377   5.058   5.372   6.529   6.280   6.008   5.740   5.381   5.143   5.235   5.194   4.903   5.004   4.875   5.459   5.917    5.248    4.859   5.195   5.166   6.193   5.665 
  0.1000   2856.0  -1.187  3.394   1.051   6.188   5.633   5.114   4.795   5.109   6.270   6.020   5.747   5.476   5.118   4.875   4.970   4.934   4.637   4.741   4.609   5.199   5.654    4.989    4.593   4.929   4.905   5.930   5.400 


---------------------------------------------------------------------------------------------------------------------------------------------------------------------------------------------------------------------------------------
t (Gyr) =   0.005
---------------------------------------------------------------------------------------------------------------------------------------------------------------------------------------------------------------------------------------
    mass     Teff    logL   logg  radius     B_Y     B_J     B_H    B_Ks  B_ND-H    D_Y2    D_Y3    D_J2    D_J3    D_H2    D_H3    D_H4    D_K1    D_K2   N_BrG    N_CO  N_CntH  N_CntJ  N_CntK1  N_CntK2  N_FeII    N_H2   N_HeI   N_PaB 
  0.0005    455.0  -6.079  2.794   0.148  19.199  18.661  19.336  19.798  19.340  19.119  18.749  21.390  17.419  18.517  21.886  22.256  19.140  22.201  19.928  22.867  17.893  19.177   18.963   22.724  21.158  19.229  18.833  17.543 
  0.0010    644.0  -5.522  3.141   0.141  17.194  16.581  16.824  16.660  16.823  17.203  16.737  18.109  15.543  15.995  17.706  18.119  16.045  18.329  16.532  18.867  15.693  16.592   15.926   18.671  17.191  16.064  16.695  15.586 
  0.0020    901.0  -4.920  3.425   0.143  15.742  15.047  14.606  14.388  14.599  15.829  15.330  15.771  14.250  14.046  14.465  15.020  13.974  15.046  14.083  15.347  14.077  14.903   13.952   15.159  14.204  13.932  15.232  14.227 
  0.0030   1098.0  -4.552  3.576   0.148  15.124  14.319  13.243  13.032  13.233  15.213  14.823  14.634  13.787  12.963  12.839  13.292  12.814  13.224  12.730  13.475  13.105  14.194   12.850   13.255  12.791  12.745  14.745  13.735 
  0.0040   1263.0  -4.283  3.675   0.152  14.883  13.989  12.715  11.968  12.706  14.990  14.625  14.195  13.614  12.566  12.387  12.570  11.926  11.927  11.746  12.062  12.680  13.927   11.990   11.907  12.399  11.851  14.565  13.548 
  0.0050   1413.0  -4.061  3.745   0.157  15.040  13.955  12.531  11.448  12.524  15.193  14.794  14.181  13.699  12.527  12.338  12.277  11.506  11.347  11.345  11.363  12.598  14.017   11.552   11.317  12.381  11.465  14.715  13.610 
  0.0060   1543.0  -3.886  3.802   0.161  14.901  13.713  12.294  11.110  12.287  15.069  14.650  13.999  13.457  12.340  12.088  12.013  11.231  10.965  11.048  10.932  12.418  13.826   11.283   10.927  12.154  11.195  14.528  13.354 
  0.0070   1668.0  -3.725  3.843   0.166  14.500  13.102  11.645  10.577  11.635  14.678  14.232  13.546  12.748  11.710  11.274  11.368  10.739  10.381  10.479  10.374  11.850  13.252   10.824   10.332  11.380  10.684  14.012  12.620 
  0.0080   1786.0  -3.579  3.874   0.171  13.312  12.063  11.026  10.226  11.017  13.436  13.064  12.555  11.666  11.057  10.590  10.806  10.393  10.019  10.107  10.031  11.221  12.167   10.491    9.969  10.693  10.328  12.734  11.539 
  0.0090   1885.0  -3.460  3.900   0.176  12.769  11.578  10.702   9.995  10.693  12.894  12.515  12.041  11.196  10.724  10.261  10.494  10.173   9.777   9.877   9.784  10.890  11.655   10.277    9.724  10.362  10.107  12.173  11.072 
  0.0100   1965.0  -3.363  3.921   0.181  12.243  11.192  10.438   9.790  10.429  12.309  12.015  11.603  10.827  10.449  10.007  10.240   9.971   9.569   9.671   9.576  10.609  11.236   10.076    9.515  10.103   9.903  11.689  10.710 
  0.0120   2102.0  -3.194  3.948   0.192  11.539  10.611  10.019   9.477  10.010  11.633  11.315  10.952  10.287  10.014   9.607   9.844   9.654   9.258   9.356   9.265  10.163  10.635    9.758    9.203   9.693   9.585  11.008  10.179 
  0.0150   2264.0  -2.981  3.960   0.212  10.829  10.028   9.488   8.996   9.481  10.918  10.620  10.279   9.760   9.482   9.131   9.318   9.167   8.790   8.894   8.783   9.607  10.041    9.260    8.737   9.206   9.107  10.379   9.662 
  0.0200   2452.0  -2.661  3.905   0.261   9.940   9.252   8.743   8.299   8.736  10.028   9.745   9.430   9.033   8.740   8.446   8.582   8.453   8.116   8.217   8.097   8.841   9.264    8.528    8.068   8.511   8.406   9.573   8.944 
  0.0300   2616.0  -2.262  3.795   0.363   8.898   8.284   7.783   7.379   7.778   8.986   8.716   8.422   8.100   7.784   7.531   7.632   7.518   7.216   7.313   7.192   7.868   8.301    7.580    7.173   7.588   7.482   8.595   8.018 
  0.0400   2754.0  -2.068  3.814   0.410   8.396   7.825   7.319   6.954   7.314   8.481   8.226   7.945   7.662   7.321   7.093   7.177   7.083   6.804   6.895   6.778   7.396   7.846    7.137    6.762   7.145   7.053   8.131   7.584 
  0.0500   2806.0  -1.846  3.722   0.510   7.837   7.278   6.767   6.420   6.762   7.921   7.670   7.394   7.121   6.770   6.544   6.628   6.549   6.272   6.364   6.245   6.844   7.300    6.602    6.230   6.596   6.520   7.581   7.045 
  0.0600   2875.0  -1.902  3.899   0.455   7.990   7.446   6.924   6.596   6.920   8.073   7.829   7.556   7.295   6.926   6.711   6.790   6.719   6.454   6.541   6.428   6.996   7.469    6.771    6.413   6.758   6.693   7.748   7.220 
  0.0700   2916.0  -1.829  3.917   0.481   7.810   7.275   6.749   6.431   6.744   7.891   7.653   7.383   7.127   6.750   6.540   6.616   6.552   6.292   6.377   6.266   6.819   7.298    6.602    6.252   6.585   6.527   7.575   7.053 
  0.0720   2921.0  -1.814  3.918   0.488   7.772   7.237   6.710   6.394   6.706   7.852   7.614   7.345   7.090   6.711   6.502   6.578   6.515   6.255   6.340   6.229   6.780   7.261    6.565    6.215   6.547   6.490   7.537   7.016 
  0.0750   2912.0  -1.716  3.832   0.550   7.524   6.986   6.461   6.145   6.457   7.605   7.365   7.095   6.838   6.462   6.248   6.327   6.269   6.003   6.091   5.977   6.533   7.010    6.319    5.962   6.294   6.243   7.286   6.764 
  0.0800   2946.0  -1.760  3.925   0.510   7.639   7.110   6.578   6.269   6.574   7.718   7.484   7.217   6.965   6.579   6.374   6.448   6.388   6.133   6.215   6.107   6.647   7.134    6.437    6.092   6.417   6.364   7.408   6.892 
  0.0900   2974.0  -1.696  3.928   0.540   7.474   6.951   6.415   6.113   6.410   7.552   7.322   7.056   6.808   6.414   6.213   6.286   6.230   5.978   6.059   5.954   6.481   6.976    6.278    5.939   6.255   6.206   7.248   6.736 
  0.1000   2983.0  -1.582  3.865   0.611   7.193   6.670   6.130   5.832   6.125   7.271   7.040   6.775   6.527   6.129   5.926   6.000   5.951   5.697   5.778   5.672   6.197   6.695    6.000    5.657   5.968   5.927   6.967   6.455 


---------------------------------------------------------------------------------------------------------------------------------------------------------------------------------------------------------------------------------------
t (Gyr) =   0.010
---------------------------------------------------------------------------------------------------------------------------------------------------------------------------------------------------------------------------------------
    mass     Teff    logL   logg  radius     B_Y     B_J     B_H    B_Ks  B_ND-H    D_Y2    D_Y3    D_J2    D_J3    D_H2    D_H3    D_H4    D_K1    D_K2   N_BrG    N_CO  N_CntH  N_CntJ  N_CntK1  N_CntK2  N_FeII    N_H2   N_HeI   N_PaB 
  0.0010    540.0  -5.870  3.184   0.134  18.053  17.507  18.173  18.231  18.175  18.028  17.580  19.672  16.347  17.302  19.980  20.309  17.569  20.448  18.265  21.081  16.782  17.746   17.403   20.930  19.361  17.625  17.592  16.461 
  0.0020    746.0  -5.298  3.474   0.136  16.665  15.990  15.903  15.611  15.900  16.689  16.241  17.090  15.062  15.153  16.315  16.748  15.049  16.900  15.391  17.344  14.975  15.860   14.964   17.150  15.897  15.045  16.162  15.073 
  0.0030    920.0  -4.914  3.631   0.139  15.646  14.957  14.575  14.359  14.569  15.736  15.240  15.661  14.170  13.992  14.492  15.042  13.934  15.063  14.066  15.360  13.995  14.788   13.905   15.180  14.213  13.898  15.140  14.147 
  0.0040   1064.0  -4.645  3.739   0.141  15.167  14.412  13.585  13.428  13.576  15.262  14.838  14.816  13.812  13.198  13.287  13.796  13.135  13.804  13.131  14.068  13.291  14.254   13.146   13.864  13.161  13.079  14.755  13.767 
  0.0050   1193.0  -4.429  3.820   0.144  15.025  14.176  12.977  12.487  12.968  15.125  14.753  14.412  13.738  12.775  12.608  12.914  12.361  12.543  12.226  12.734  12.898  14.084   12.411   12.544  12.602  12.289  14.680  13.675 
  0.0060   1316.0  -4.244  3.883   0.147  14.803  13.901  12.610  11.840  12.602  14.911  14.559  14.083  13.564  12.484  12.312  12.447  11.805  11.789  11.627  11.923  12.583  13.852   11.866   11.767  12.330  11.734  14.506  13.494 
  0.0070   1426.0  -4.091  3.937   0.149  14.811  13.806  12.449  11.454  12.442  14.943  14.576  14.004  13.534  12.404  12.229  12.223  11.487  11.363  11.315  11.413  12.481  13.828   11.538   11.334  12.262  11.434  14.513  13.454 
  0.0080   1536.0  -3.945  3.978   0.152  14.685  13.568  12.223  11.101  12.216  14.841  14.440  13.834  13.300  12.250  11.997  11.962  11.214  10.956  11.024  10.937  12.331  13.653   11.269   10.918  12.061  11.173  14.315  13.200 
  0.0090   1635.0  -3.820  4.013   0.155  14.323  13.101  11.821  10.778  11.813  14.485  14.065  13.465  12.775  11.857  11.505  11.571  10.914  10.604  10.684  10.597  11.971  13.203   10.987   10.560  11.590  10.863  13.863  12.658 
  0.0100   1731.0  -3.704  4.042   0.158  13.856  12.543  11.335  10.460  11.326  14.016  13.593  13.001  12.163  11.369  10.925  11.107  10.610  10.267  10.343  10.280  11.522  12.656   10.701   10.219  11.026  10.550  13.315  12.033 
  0.0120   1915.0  -3.488  4.081   0.165  12.745  11.581  10.737  10.070  10.728  12.875  12.486  12.012  11.210  10.748  10.303  10.545  10.239   9.861   9.948   9.874  10.909  11.640   10.340    9.808  10.398  10.173  12.158  11.086 
  0.0150   2188.0  -3.125  4.046   0.192  11.278  10.420   9.846   9.330   9.838  11.369  11.060  10.705  10.128   9.840   9.466   9.676   9.502   9.119   9.219   9.120   9.974  10.434    9.600    9.066   9.546   9.439  10.794  10.024 
  0.0200   2442.0  -2.709  3.945   0.249  10.064   9.370   8.859   8.414   8.853  10.154   9.869   9.552   9.149   8.855   8.559   8.699   8.569   8.229   8.330   8.212   8.958   9.382    8.644    8.181   8.624   8.520   9.693   9.060 
  0.0300   2622.0  -2.435  3.971   0.296   9.336   8.721   8.213   7.813   8.207   9.426   9.154   8.859   8.538   8.213   7.963   8.065   7.950   7.652   7.746   7.629   8.296   8.738    8.012    7.608   8.019   7.913   9.034   8.457 
  0.0400   2734.0  -2.411  4.145   0.280   9.252   8.674   8.155   7.790   8.150   9.341   9.081   8.796   8.510   8.155   7.931   8.018   7.916   7.643   7.728   7.620   8.228   8.694    7.971    7.602   7.981   7.885   8.985   8.433 
  0.0500   2821.0  -2.233  4.118   0.323   8.817   8.263   7.743   7.396   7.738   8.901   8.653   8.377   8.108   7.744   7.533   7.610   7.516   7.256   7.337   7.232   7.813   8.285    7.567    7.215   7.580   7.488   8.569   8.033 
  0.0600   2871.0  -2.188  4.184   0.328   8.713   8.169   7.644   7.310   7.640   8.797   8.553   8.280   8.020   7.644   7.441   7.514   7.427   7.174   7.253   7.150   7.711   8.193    7.477    7.135   7.485   7.401   8.474   7.946 
  0.0700   2919.0  -2.099  4.189   0.352   8.491   7.958   7.430   7.108   7.426   8.574   8.336   8.066   7.813   7.430   7.232   7.301   7.222   6.975   7.052   6.951   7.494   7.983    7.270    6.936   7.274   7.197   8.260   7.740 
  0.0720   2927.0  -2.083  4.190   0.357   8.449   7.918   7.389   7.069   7.385   8.531   8.295   8.026   7.773   7.389   7.193   7.261   7.182   6.937   7.013   6.913   7.453   7.943    7.230    6.898   7.235   7.158   8.220   7.701 
  0.0750   2942.0  -2.022  4.156   0.379   8.297   7.769   7.238   6.922   7.234   8.378   8.144   7.876   7.625   7.238   7.043   7.111   7.035   6.791   6.867   6.767   7.302   7.794    7.083    6.752   7.084   7.011   8.069   7.553 
  0.0800   2958.0  -2.016  4.188   0.377   8.286   7.762   7.228   6.916   7.224   8.366   8.135   7.868   7.619   7.228   7.036   7.102   7.027   6.787   6.860   6.763   7.291   7.787    7.074    6.748   7.076   7.004   8.062   7.548 
  0.0900   2993.0  -1.943  4.186   0.401   8.102   7.585   7.045   6.742   7.041   8.180   7.954   7.689   7.445   7.044   6.856   6.921   6.852   6.615   6.687   6.592   7.106   7.611    6.898    6.577   6.895   6.829   7.883   7.374 
  0.1000   3024.0  -1.854  4.161   0.435   7.883   7.372   6.826   6.530   6.822   7.960   7.738   7.475   7.234   6.825   6.640   6.703   6.638   6.407   6.477   6.384   6.887   7.399    6.683    6.369   6.678   6.617   7.670   7.164 


---------------------------------------------------------------------------------------------------------------------------------------------------------------------------------------------------------------------------------------
t (Gyr) =   0.050
---------------------------------------------------------------------------------------------------------------------------------------------------------------------------------------------------------------------------------------
    mass     Teff    logL   logg  radius     B_Y     B_J     B_H    B_Ks  B_ND-H    D_Y2    D_Y3    D_J2    D_J3    D_H2    D_H3    D_H4    D_K1    D_K2   N_BrG    N_CO  N_CntH  N_CntJ  N_CntK1  N_CntK2  N_FeII    N_H2   N_HeI   N_PaB 
  0.0020    491.0  -6.100  3.551   0.124  18.705  18.148  18.887  19.432  18.887  18.645  18.245  20.591  16.939  17.958  21.196  21.551  18.762  21.861  19.507  22.493  17.330  18.483   18.577   22.416  20.545  18.845  18.283  17.126 
  0.0030    585.0  -5.789  3.719   0.125  17.754  17.176  17.730  17.713  17.730  17.742  17.279  19.103  16.050  16.843  19.248  19.580  17.056  19.859  17.712  20.447  16.356  17.289   16.894   20.331  18.688  17.117  17.259  16.185 
  0.0040    676.0  -5.531  3.837   0.126  17.044  16.437  16.857  16.616  16.856  17.063  16.571  18.004  15.381  16.013  17.876  18.222  15.987  18.398  16.521  18.896  15.640  16.418   15.853   18.759  17.380  16.020  16.513  15.467 
  0.0050    756.0  -5.336  3.933   0.126  16.513  15.885  16.104  15.698  16.102  16.560  16.046  17.149  14.901  15.341  16.673  17.026  15.114  17.118  15.516  17.544  15.091  15.783   15.012   17.390  16.255  15.121  15.960  14.948 
  0.0060    840.0  -5.152  4.012   0.126  16.060  15.395  15.553  15.243  15.550  16.149  15.589  16.467  14.462  14.821  15.924  16.353  14.709  16.384  15.018  16.735  14.640  15.256   14.630   16.586  15.534  14.702  15.479  14.479 
  0.0070    928.0  -4.978  4.078   0.127  15.601  14.925  14.833  14.613  14.828  15.707  15.170  15.710  14.097  14.178  14.935  15.448  14.140  15.491  14.345  15.798  14.098  14.727   14.089   15.639  14.605  14.118  15.057  14.084 
  0.0080   1010.0  -4.832  4.136   0.127  15.255  14.584  14.241  14.181  14.235  15.365  14.871  15.161  13.855  13.658  14.167  14.754  13.748  14.910  13.897  15.199  13.646  14.365   13.714   15.028  13.896  13.717  14.771  13.823 
  0.0090   1085.0  -4.706  4.187   0.127  15.057  14.367  13.696  13.727  13.689  15.156  14.734  14.760  13.751  13.213  13.507  14.078  13.343  14.313  13.437  14.590  13.244  14.154   13.324   14.406  13.313  13.302  14.652  13.706 
  0.0100   1171.0  -4.569  4.228   0.127  15.231  14.421  13.323  12.949  13.315  15.324  14.964  14.672  13.960  13.055  13.029  13.365  12.729  13.171  12.676  13.384  13.136  14.299   12.751   13.201  12.971  12.672  14.884  13.894 
  0.0120   1520.0  -4.052  4.243   0.137  14.832  13.755  12.398  11.327  12.392  14.982  14.596  13.989  13.501  12.413  12.197  12.147  11.416  11.202  11.247  11.196  12.485  13.832   11.463   11.168  12.251  11.378  14.500  13.407 
  0.0150   1903.0  -3.568  4.246   0.153  12.969  11.761  10.895  10.251  10.886  13.139  12.693  12.185  11.390  10.896  10.462  10.721  10.405  10.052  10.121  10.074  11.055  11.817   10.504   10.002  10.553  10.338  12.371  11.265 
  0.0200   1909.0  -3.642  4.450   0.139  13.096  11.887  11.038  10.440  11.030  13.287  12.813  12.288  11.522  11.022  10.608  10.889  10.576  10.253  10.300  10.288  11.177  11.928   10.674   10.207  10.691  10.509  12.502  11.397 
  0.0300   2246.0  -3.311  4.578   0.147  11.722  10.867  10.279   9.831  10.272  11.856  11.493  11.121  10.592  10.253   9.914  10.145   9.979   9.636   9.705   9.656  10.378  10.866   10.073    9.586   9.983   9.915  11.253  10.490 
  0.0400   2480.0  -3.080  4.644   0.158  10.994  10.289   9.749   9.354   9.743  11.118  10.790  10.464  10.074   9.731   9.455   9.618   9.492   9.182   9.256   9.182   9.828  10.290    9.568    9.134   9.513   9.442  10.626   9.985 
  0.0500   2651.0  -2.884  4.661   0.173  10.423   9.817   9.282   8.920   9.277  10.522  10.245   9.953   9.639   9.272   9.043   9.154   9.044   8.769   8.842   8.756   9.351   9.828    9.104    8.724   9.092   9.006  10.133   9.558 
  0.0600   2759.0  -2.755  4.680   0.185  10.103   9.547   9.016   8.670   9.011  10.184   9.939   9.669   9.383   9.009   8.798   8.891   8.786   8.529   8.600   8.512   9.080   9.561    8.841    8.486   8.843   8.755   9.848   9.306 
  0.0700   2837.0  -2.647  4.688   0.198   9.830   9.302   8.771   8.437   8.767   9.903   9.676   9.416   9.148   8.767   8.570   8.647   8.548   8.303   8.373   8.284   8.832   9.320    8.598    8.263   8.612   8.520   9.597   9.074 
  0.0720   2852.0  -2.623  4.685   0.202   9.774   9.243   8.710   8.378   8.705   9.851   9.620   9.356   9.091   8.706   8.511   8.586   8.488   8.246   8.314   8.227   8.770   9.262    8.538    8.206   8.552   8.461   9.541   9.017 
  0.0750   2872.0  -2.591  4.683   0.206   9.714   9.180   8.643   8.315   8.639   9.797   9.559   9.291   9.030   8.639   8.448   8.520   8.424   8.185   8.252   8.166   8.702   9.200    8.473    8.145   8.488   8.397   9.481   8.957 
  0.0800   2901.0  -2.551  4.689   0.212   9.628   9.087   8.546   8.223   8.542   9.717   9.471   9.198   8.941   8.542   8.356   8.425   8.330   8.096   8.161   8.077   8.604   9.110    8.378    8.057   8.394   8.305   9.394   8.869 
  0.0900   2948.0  -2.472  4.689   0.225   9.432   8.903   8.359   8.045   8.355   9.519   9.281   9.011   8.761   8.354   8.176   8.240   8.149   7.923   7.984   7.903   8.414   8.927    8.195    7.885   8.212   8.124   9.207   8.689 
  0.1000   2989.0  -2.397  4.683   0.238   9.251   8.733   8.187   7.881   8.183   9.334   9.104   8.838   8.594   8.182   8.009   8.069   7.981   7.762   7.821   7.742   8.240   8.757    8.026    7.725   8.044   7.958   9.034   8.523 


---------------------------------------------------------------------------------------------------------------------------------------------------------------------------------------------------------------------------------------
t (Gyr) =   0.100
---------------------------------------------------------------------------------------------------------------------------------------------------------------------------------------------------------------------------------------
    mass     Teff    logL   logg  radius     B_Y     B_J     B_H    B_Ks  B_ND-H    D_Y2    D_Y3    D_J2    D_J3    D_H2    D_H3    D_H4    D_K1    D_K2   N_BrG    N_CO  N_CntH  N_CntJ  N_CntK1  N_CntK2  N_FeII    N_H2   N_HeI   N_PaB 
  0.0020    425.0  -6.383  3.580   0.120  19.848  19.248  19.892  21.209  19.890  19.726  19.426  22.028  17.987  18.904  22.613  23.018  20.555  23.715  21.246  24.379  18.207  19.747   20.389   24.343  21.928  20.645  19.519  18.211 
  0.0030    493.0  -6.112  3.746   0.121  18.805  18.223  18.902  19.571  18.901  18.732  18.357  20.571  17.022  17.940  21.049  21.402  18.910  21.880  19.578  22.481  17.326  18.502   18.744   22.432  20.427  18.982  18.387  17.216 
  0.0040    563.0  -5.880  3.869   0.122  18.047  17.455  18.019  18.164  18.018  18.016  17.582  19.444  16.315  17.104  19.623  19.948  17.509  20.310  18.139  20.884  16.584  17.577   17.351   20.802  19.067  17.569  17.568  16.476 
  0.0050    630.0  -5.686  3.965   0.122  17.448  16.850  17.367  17.273  17.366  17.444  16.975  18.590  15.756  16.484  18.636  18.957  16.633  19.209  17.203  19.724  16.037  16.875   16.489   19.623  18.121  16.677  16.933  15.884 
  0.0060    688.0  -5.534  4.048   0.121  17.031  16.411  16.822  16.616  16.821  17.052  16.557  17.928  15.362  15.978  17.783  18.128  15.994  18.355  16.499  18.831  15.609  16.363   15.866   18.712  17.306  16.024  16.490  15.455 
  0.0070    760.0  -5.365  4.117   0.121  16.554  15.917  16.204  15.865  16.201  16.601  16.082  17.192  14.925  15.423  16.822  17.176  15.287  17.263  15.677  17.666  15.151  15.804   15.187   17.533  16.401  15.295  15.992  14.980 
  0.0080    816.0  -5.246  4.180   0.120  16.277  15.612  15.807  15.513  15.804  16.347  15.809  16.733  14.662  15.055  16.267  16.670  14.955  16.786  15.302  17.165  14.836  15.465   14.866   17.025  15.868  14.956  15.703  14.690 
  0.0090    886.0  -5.103  4.232   0.120  15.890  15.196  15.272  15.006  15.268  15.998  15.426  16.128  14.306  14.586  15.503  15.948  14.505  15.997  14.755  16.306  14.449  15.021   14.442   16.170  15.155  14.492  15.304  14.309 
  0.0100    953.0  -4.978  4.279   0.120  15.616  14.925  14.825  14.584  14.821  15.731  15.181  15.679  14.105  14.195  14.905  15.386  14.122  15.424  14.312  15.718  14.117  14.717   14.075   15.567  14.597  14.098  15.061  14.088 
  0.0120   1335.0  -4.332  4.297   0.129  14.948  14.062  12.784  12.066  12.777  15.051  14.720  14.226  13.747  12.666  12.522  12.635  12.005  12.047  11.858  12.190  12.745  14.019   12.053   12.029  12.538  11.945  14.666  13.672 
  0.0150   1399.0  -4.281  4.424   0.124  14.908  14.006  12.718  11.904  12.711  15.014  14.688  14.161  13.730  12.634  12.487  12.540  11.883  11.847  11.730  11.953  12.704  13.989   11.929   11.820  12.510  11.829  14.640  13.653 
  0.0200   1561.0  -4.110  4.569   0.122  14.895  13.827  12.498  11.474  12.491  15.041  14.663  14.060  13.569  12.507  12.299  12.258  11.551  11.357  11.389  11.361  12.577  13.902   11.596   11.323  12.349  11.514  14.565  13.475 
  0.0300   1979.0  -3.668  4.715   0.126  12.876  11.841  11.077  10.543  11.069  13.006  12.625  12.181  11.499  11.042  10.672  10.950  10.662  10.369  10.398  10.412  11.185  11.843   10.756   10.324  10.744  10.595  12.348  11.377 
  0.0400   2270.0  -3.386  4.797   0.132  11.844  11.032  10.444  10.022  10.437  11.971  11.625  11.267  10.765  10.408  10.095  10.325  10.155   9.842   9.892   9.868  10.526  11.021   10.245    9.792  10.157  10.091  11.405  10.664 
  0.0500   2493.0  -3.167  4.837   0.141  11.216  10.509   9.962   9.585   9.956  11.351  11.010  10.681  10.296   9.938   9.671   9.840   9.715   9.416   9.480   9.422  10.033  10.506    9.791    9.368   9.725   9.665  10.848  10.206 
  0.0600   2648.0  -3.008  4.863   0.150  10.776  10.145   9.597   9.243   9.592  10.892  10.589  10.284   9.964   9.582   9.354   9.475   9.364   9.092   9.159   9.085   9.661  10.153    9.427    9.047   9.402   9.325  10.472   9.882 
  0.0700   2762.0  -2.879  4.874   0.160  10.441   9.866   9.320   8.978   9.315  10.537  10.272   9.989   9.702   9.311   9.106   9.199   9.091   8.840   8.906   8.827   9.380   9.880    9.146    8.798   9.148   9.059  10.179   9.625 
  0.0720   2782.0  -2.856  4.875   0.162  10.380   9.813   9.266   8.927   9.262  10.474  10.214   9.934   9.654   9.259   9.058   9.145   9.037   8.792   8.856   8.777   9.326   9.829    9.090    8.750   9.100   9.006  10.125   9.578 
  0.0750   2809.0  -2.821  4.875   0.166  10.283   9.726   9.179   8.843   9.175  10.374  10.121   9.844   9.570   9.172   8.978   9.058   8.951   8.711   8.774   8.695   9.237   9.743    9.002    8.670   9.018   8.922  10.036   9.496 
  0.0800   2846.0  -2.776  4.880   0.170  10.174   9.628   9.082   8.754   9.078  10.264  10.016   9.743   9.475   9.076   8.885   8.962   8.861   8.624   8.687   8.608   9.139   9.646    8.911    8.584   8.924   8.833   9.934   9.401 
  0.0900   2910.0  -2.689  4.884   0.180   9.972   9.430   8.881   8.565   8.877  10.065   9.816   9.541   9.284   8.875   8.693   8.763   8.669   8.441   8.501   8.423   8.935   9.451    8.717    8.401   8.730   8.643   9.738   9.212 
  0.1000   2960.0  -2.617  4.887   0.189   9.791   9.263   8.712   8.406   8.708   9.880   9.641   9.371   9.121   8.706   8.532   8.596   8.506   8.286   8.343   8.268   8.764   9.285    8.552    8.247   8.566   8.482   9.568   9.050 


---------------------------------------------------------------------------------------------------------------------------------------------------------------------------------------------------------------------------------------
t (Gyr) =   0.120
---------------------------------------------------------------------------------------------------------------------------------------------------------------------------------------------------------------------------------------
    mass     Teff    logL   logg  radius     B_Y     B_J     B_H    B_Ks  B_ND-H    D_Y2    D_Y3    D_J2    D_J3    D_H2    D_H3    D_H4    D_K1    D_K2   N_BrG    N_CO  N_CntH  N_CntJ  N_CntK1  N_CntK2  N_FeII    N_H2   N_HeI   N_PaB 
  0.0020    403.0  -6.481  3.588   0.119  20.265  19.679  20.348  21.981  20.344  20.102  19.875  22.630  18.390  19.308  23.251  23.648  21.333  24.438  21.977  25.060  18.582  20.266   21.184   25.035  22.561  21.421  20.004  18.623 
  0.0030    475.0  -6.183  3.753   0.120  19.089  18.489  19.160  20.078  19.158  19.000  18.653  20.914  17.274  18.176  21.422  21.794  19.421  22.396  20.067  23.006  17.543  18.805   19.261   22.961  20.790  19.494  18.692  17.469 
  0.0040    537.0  -5.970  3.876   0.121  18.340  17.747  18.340  18.668  18.339  18.291  17.884  19.836  16.588  17.400  20.076  20.402  18.013  20.838  18.636  21.412  16.849  17.906   17.856   21.351  19.509  18.074  17.883  16.764 
  0.0050    599.0  -5.781  3.974   0.121  17.750  17.149  17.649  17.685  17.648  17.734  17.281  18.980  16.037  16.749  19.047  19.379  17.036  19.743  17.635  20.297  16.272  17.206   16.885   20.206  18.516  17.089  17.250  16.184 
  0.0060    665.0  -5.602  4.055   0.120  17.214  16.602  17.075  16.916  17.074  17.224  16.741  18.208  15.533  16.211  18.165  18.493  16.289  18.711  16.811  19.189  15.805  16.577   16.157   19.084  17.676  16.324  16.683  15.643 
  0.0070    716.0  -5.477  4.127   0.120  16.859  16.225  16.566  16.318  16.565  16.889  16.387  17.625  15.202  15.751  17.355  17.702  15.714  17.906  16.163  18.350  15.427  16.141   15.600   18.229  16.908  15.734  16.308  15.279 
  0.0080    783.0  -5.326  4.188   0.119  16.482  15.823  16.086  15.836  16.084  16.538  16.014  17.029  14.847  15.304  16.661  17.051  15.271  17.160  15.630  17.543  15.046  15.687   15.178   17.416  16.244  15.275  15.914  14.892 
  0.0090    835.0  -5.219  4.243   0.119  16.197  15.523  15.698  15.422  15.695  16.273  15.730  16.595  14.586  14.957  16.111  16.525  14.879  16.613  15.199  16.965  14.752  15.364   14.796   16.833  15.722  14.876  15.619  14.607 
  0.0100    900.0  -5.088  4.290   0.119  15.835  15.116  15.198  14.925  15.194  15.955  15.364  16.028  14.231  14.526  15.397  15.833  14.431  15.887  14.670  16.190  14.400  14.938   14.371   16.053  15.060  14.416  15.235  14.230 
  0.0120   1273.0  -4.432  4.314   0.126  15.142  14.269  13.006  12.383  12.999  15.238  14.909  14.448  13.916  12.849  12.739  12.901  12.265  12.439  12.147  12.613  12.925  14.203   12.304   12.436  12.737  12.205  14.843  13.841 
  0.0150   1298.0  -4.436  4.450   0.121  15.160  14.278  13.000  12.337  12.993  15.257  14.937  14.442  13.951  12.871  12.759  12.870  12.230  12.375  12.115  12.545  12.937  14.228   12.266   12.367  12.765  12.176  14.871  13.874 
  0.0200   1484.0  -4.218  4.590   0.119  14.988  13.992  12.684  11.743  12.678  15.122  14.761  14.188  13.737  12.668  12.495  12.464  11.782  11.656  11.640  11.690  12.731  14.037   11.819   11.627  12.534  11.746  14.685  13.651 
  0.0300   1905.0  -3.764  4.745   0.122  13.414  12.174  11.298  10.742  11.290  13.660  13.113  12.554  11.817  11.262  10.885  11.177  10.848  10.579  10.596  10.627  11.408  12.205   10.937   10.537  10.957  10.783  12.823  11.689 
  0.0400   2204.0  -3.472  4.831   0.127  12.210  11.306  10.657  10.209  10.650  12.361  11.971  11.568  11.020  10.620  10.291  10.538  10.339  10.029  10.073  10.061  10.745  11.298   10.431    9.980  10.356  10.274  11.734  10.913 
  0.0500   2441.0  -3.244  4.878   0.135  11.431  10.687  10.132   9.753  10.126  11.578  11.216  10.874  10.463  10.102   9.826  10.016   9.882   9.582   9.640   9.596  10.203  10.682    9.962    9.535   9.882   9.828  11.039  10.370 
  0.0600   2606.0  -3.083  4.909   0.142  10.969  10.324   9.779   9.421   9.774  11.086  10.779  10.473  10.135   9.761   9.523   9.659   9.544   9.265   9.330   9.262   9.845  10.328    9.611    9.218   9.573   9.502  10.651  10.051 
  0.0700   2733.0  -2.944  4.921   0.152  10.609  10.016   9.468   9.125   9.463  10.714  10.434  10.144   9.848   9.456   9.245   9.347   9.240   8.983   9.048   8.972   9.528  10.028    9.297    8.939   9.288   9.205  10.334   9.769 
  0.0720   2753.0  -2.922  4.923   0.153  10.560   9.976   9.426   9.085   9.422  10.662  10.389  10.101   9.811   9.416   9.210   9.306   9.198   8.947   9.011   8.934   9.486   9.989    9.253    8.904   9.252   9.165  10.293   9.734 
  0.0750   2783.0  -2.886  4.923   0.157  10.453   9.882   9.331   8.992   9.326  10.551  10.286  10.002   9.722   9.322   9.124   9.211   9.102   8.858   8.921   8.844   9.389   9.897    9.154    8.817   9.165   9.071  10.197   9.646 
  0.0800   2824.0  -2.838  4.929   0.161  10.333   9.775   9.224   8.893   9.220  10.428  10.171   9.892   9.621   9.217   9.026   9.105   8.999   8.763   8.824   8.747   9.281   9.793    9.050    8.722   9.065   8.970  10.087   9.546 
  0.0900   2894.0  -2.753  4.937   0.169  10.128   9.585   9.035   8.718   9.031  10.221   9.972   9.697   9.437   9.028   8.845   8.917   8.822   8.592   8.652   8.575   9.089   9.605    8.870    8.552   8.882   8.795   9.893   9.364 
  0.1000   2949.0  -2.673  4.936   0.178   9.937   9.405   8.853   8.547   8.849  10.028   9.786   9.514   9.263   8.847   8.672   8.738   8.647   8.426   8.482   8.408   8.905   9.427    8.693    8.387   8.706   8.622   9.711   9.191 


---------------------------------------------------------------------------------------------------------------------------------------------------------------------------------------------------------------------------------------
t (Gyr) =   0.500
---------------------------------------------------------------------------------------------------------------------------------------------------------------------------------------------------------------------------------------
    mass     Teff    logL   logg  radius     B_Y     B_J     B_H    B_Ks  B_ND-H    D_Y2    D_Y3    D_J2    D_J3    D_H2    D_H3    D_H4    D_K1    D_K2   N_BrG    N_CO  N_CntH  N_CntJ  N_CntK1  N_CntK2  N_FeII    N_H2   N_HeI   N_PaB 
  0.0050    409.0  -6.496  4.027   0.113  20.446  19.872  20.436  22.406  20.428  20.222  20.123  22.591  18.590  19.300  22.901  23.271  21.785  24.462  22.198  25.011  18.615  20.350   21.690   25.021  22.284  21.831  20.244  18.799 
  0.0060    449.0  -6.340  4.112   0.113  19.814  19.145  19.682  21.264  19.677  19.668  19.430  21.538  17.915  18.607  21.841  22.235  20.635  23.363  21.103  23.929  17.974  19.443   20.521   23.935  21.243  20.689  19.475  18.104 
  0.0070    488.0  -6.200  4.185   0.112  19.256  18.612  19.146  20.248  19.142  19.140  18.852  20.775  17.420  18.104  20.964  21.326  19.615  22.276  20.099  22.805  17.527  18.802   19.496   22.811  20.403  19.662  18.869  17.596 
  0.0080    525.0  -6.080  4.249   0.111  18.787  18.133  18.660  19.444  18.657  18.706  18.359  20.119  16.977  17.663  20.275  20.631  18.814  21.402  19.301  21.904  17.121  18.234   18.690   21.904  19.736  18.857  18.348  17.150 
  0.0090    564.0  -5.963  4.307   0.110  18.409  17.746  18.221  18.778  18.218  18.352  17.970  19.552  16.621  17.256  19.598  19.952  18.151  20.656  18.626  21.144  16.763  17.775   18.030   21.123  19.085  18.190  17.937  16.769 
  0.0100    599.0  -5.864  4.358   0.110  18.053  17.388  17.869  18.196  17.866  18.017  17.604  19.084  16.287  16.937  19.098  19.430  17.575  20.013  18.036  20.490  16.473  17.369   17.454   20.457  18.608  17.608  17.555  16.427 
  0.0120    759.0  -5.447  4.432   0.110  16.796  16.124  16.473  16.332  16.471  16.832  16.331  17.386  15.127  15.654  17.174  17.552  15.773  17.643  16.118  17.996  15.344  15.975   15.682   17.907  16.748  15.781  16.233  15.190 
  0.0150    791.0  -5.404  4.557   0.107  16.659  15.961  16.227  16.102  16.224  16.711  16.193  17.111  14.991  15.443  16.779  17.175  15.549  17.373  15.881  17.714  15.176  15.791   15.462   17.624  16.378  15.555  16.083  15.035 
  0.0200    936.0  -5.133  4.704   0.104  15.979  15.243  15.290  15.089  15.286  16.095  15.518  16.066  14.383  14.642  15.464  15.888  14.625  15.950  14.825  16.212  14.513  15.030   14.573   16.105  15.154  14.610  15.383  14.371 
  0.0300   1264.0  -4.636  4.905   0.101  15.316  14.518  13.433  13.096  13.428  15.414  15.072  14.714  14.106  13.192  13.215  13.474  12.859  13.350  12.835  13.570  13.233  14.402   12.869   13.388  13.159  12.816  14.999  14.032 
  0.0400   1583.0  -4.255  5.040   0.100  15.232  14.222  12.928  11.939  12.922  15.373  15.009  14.428  13.986  12.937  12.762  12.694  12.000  11.839  11.860  11.848  12.996  14.292   12.036   11.806  12.805  11.970  14.929  13.897 
  0.0500   1875.0  -3.955  5.131   0.101  13.904  12.732  11.814  11.250  11.807  14.172  13.612  13.060  12.404  11.759  11.457  11.708  11.316  11.124  11.110  11.183  11.882  12.750   11.384   11.088  11.510  11.258  13.370  12.278 
  0.0600   2116.0  -3.729  5.194   0.102  12.895  11.889  11.246  10.897  11.240  13.166  12.612  12.167  11.589  11.169  10.882  11.186  10.972  10.757  10.743  10.827  11.291  11.870   11.052   10.718  10.930  10.907  12.364  11.472 
  0.0700   2329.0  -3.534  5.233   0.106  12.008  11.310  10.785  10.462  10.778  12.120  11.799  11.520  11.053  10.724  10.457  10.709  10.559  10.308  10.321  10.357  10.831  11.267   10.640   10.263  10.506  10.497  11.607  10.949 
  0.0720   2369.0  -3.498  5.238   0.107  12.071  11.270  10.699  10.371  10.693  12.262  11.835  11.476  11.027  10.645  10.380  10.617  10.473  10.213  10.234  10.257  10.748  11.248   10.555   10.167  10.429  10.413  11.641  10.927 
  0.0750   2426.0  -3.445  5.244   0.108  11.967  11.186  10.609  10.271  10.604  12.155  11.736  11.378  10.957  10.563  10.308  10.519  10.377  10.116  10.144  10.149  10.661  11.171   10.455   10.070  10.356  10.321  11.558  10.860 
  0.0800   2518.0  -3.356  5.248   0.111  11.710  10.985  10.415  10.080  10.409  11.879  11.495  11.155  10.776  10.377  10.139  10.317  10.188   9.929   9.966   9.949  10.466  10.975   10.261    9.883  10.185  10.138  11.341  10.684 
  0.0900   2680.0  -3.189  5.241   0.119  11.158  10.587  10.046   9.719  10.041  11.246  10.988  10.724  10.406  10.024   9.812   9.938   9.829   9.576   9.628   9.576  10.099  10.583    9.891    9.530   9.854   9.790  10.882  10.324 
  0.1000   2804.0  -3.047  5.223   0.128  10.882  10.297   9.731   9.411   9.726  10.996  10.710  10.419  10.139   9.717   9.530   9.620   9.513   9.283   9.335   9.274   9.781  10.309    9.565    9.241   9.567   9.482  10.620  10.062 


---------------------------------------------------------------------------------------------------------------------------------------------------------------------------------------------------------------------------------------
t (Gyr) =   1.000
---------------------------------------------------------------------------------------------------------------------------------------------------------------------------------------------------------------------------------------
    mass     Teff    logL   logg  radius     B_Y     B_J     B_H    B_Ks  B_ND-H    D_Y2    D_Y3    D_J2    D_J3    D_H2    D_H3    D_H4    D_K1    D_K2   N_BrG    N_CO  N_CntH  N_CntJ  N_CntK1  N_CntK2  N_FeII    N_H2   N_HeI   N_PaB 
  0.0070    403.0  -6.556  4.208   0.109  20.729  20.180  20.621  22.914  20.612  20.467  20.459  22.814  18.894  19.434  22.915  23.306  22.302  24.898  22.648  25.441  18.783  20.646   22.230   25.457  22.317  22.343  20.594  19.050 
  0.0080    438.0  -6.417  4.272   0.108  20.216  19.554  20.028  21.889  20.021  20.028  19.875  21.950  18.309  18.914  22.116  22.495  21.282  23.804  21.646  24.327  18.288  19.875   21.198   24.347  21.541  21.322  19.936  18.473 
  0.0090    464.0  -6.325  4.331   0.107  19.840  19.156  19.605  21.187  19.598  19.687  19.474  21.350  17.942  18.512  21.438  21.819  20.572  23.116  20.966  23.638  17.931  19.378   20.480   23.656  20.882  20.613  19.503  18.090 
  0.0100    491.0  -6.235  4.383   0.107  19.390  18.723  19.213  20.500  19.207  19.259  19.005  20.763  17.539  18.140  20.857  21.234  19.880  22.396  20.287  22.881  17.591  18.861   19.779   22.912  20.319  19.913  19.011  17.690 
  0.0120    578.0  -5.955  4.467   0.106  18.380  17.692  18.158  18.736  18.154  18.324  17.945  19.398  16.581  17.194  19.407  19.755  18.123  20.498  18.540  20.952  16.720  17.672   18.013   20.947  18.918  18.152  17.898  16.720 
  0.0150    628.0  -5.835  4.587   0.103  17.986  17.283  17.703  18.084  17.700  17.957  17.543  18.798  16.212  16.785  18.726  19.076  17.491  19.673  17.872  20.072  16.367  17.196   17.390   20.055  18.268  17.513  17.474  16.322 
  0.0200    766.0  -5.514  4.736   0.100  17.000  16.272  16.563  16.605  16.560  17.036  16.541  17.428  15.294  15.760  17.157  17.550  16.067  17.831  16.366  18.149  15.474  16.090   15.988   18.090  16.757  16.073  16.432  15.341 
  0.0300   1009.0  -5.071  4.948   0.096  15.820  15.138  14.867  14.814  14.863  15.907  15.447  15.676  14.409  14.258  14.937  15.446  14.396  15.532  14.546  15.773  14.168  14.873   14.357   15.661  14.654  14.379  15.335  14.370 
  0.0400   1271.0  -4.696  5.099   0.093  15.336  14.558  13.601  13.338  13.595  15.440  15.077  14.770  14.123  13.324  13.410  13.702  13.090  13.618  13.082  13.830  13.352  14.425   13.095   13.663  13.333  13.053  15.002  14.051 
  0.0500   1543.0  -4.374  5.211   0.092  15.318  14.347  13.090  12.182  13.084  15.455  15.097  14.541  14.100  13.083  12.922  12.876  12.213  12.104  12.084  12.139  13.138  14.398   12.246   12.072  12.959  12.184  15.018  14.013 
  0.0600   1801.0  -4.106  5.291   0.092  14.276  13.215  12.269  11.596  12.262  14.509  14.011  13.495  12.920  12.227  11.980  12.133  11.650  11.487  11.477  11.534  12.324  13.230   11.703   11.453  12.026  11.604  13.814  12.802 
  0.0700   2082.0  -3.829  5.333   0.094  13.110  12.090  11.455  11.150  11.448  13.413  12.818  12.368  11.785  11.363  11.096  11.415  11.204  11.026  10.993  11.108  11.481  12.063   11.276   10.989  11.138  11.140  12.571  11.666 
  0.0720   2140.0  -3.772  5.336   0.095  13.024  12.037  11.399  11.072  11.392  13.309  12.745  12.302  11.744  11.314  11.052  11.348  11.133  10.944  10.920  11.019  11.428  12.012   11.206   10.907  11.094  11.071  12.508  11.628 
  0.0750   2234.0  -3.679  5.334   0.098  12.721  11.844  11.222  10.868  11.215  12.935  12.471  12.083  11.569  11.153  10.891  11.152  10.943  10.730  10.724  10.790  11.260  11.814   11.018   10.689  10.936  10.883  12.259  11.458 
  0.0800   2383.0  -3.527  5.323   0.102  12.170  11.358  10.778  10.461  10.772  12.381  11.930  11.560  11.119  10.722  10.468  10.701  10.556  10.310  10.324  10.356  10.822  11.336   10.636   10.265  10.514  10.497  11.740  11.019 
  0.0900   2627.0  -3.268  5.285   0.113  11.408  10.779  10.224   9.897  10.220  11.528  11.221  10.928  10.590  10.197   9.978  10.121  10.007   9.751   9.798   9.758  10.276  10.773   10.072    9.705  10.021   9.964  11.098  10.504 
  0.1000   2784.0  -3.083  5.246   0.125  10.967  10.373   9.807   9.487   9.802  11.085  10.792  10.498  10.212   9.792   9.600   9.696   9.590   9.356   9.407   9.348   9.857  10.384    9.644    9.313   9.638   9.557  10.698  10.134 


---------------------------------------------------------------------------------------------------------------------------------------------------------------------------------------------------------------------------------------
t (Gyr) =   5.000
---------------------------------------------------------------------------------------------------------------------------------------------------------------------------------------------------------------------------------------
    mass     Teff    logL   logg  radius     B_Y     B_J     B_H    B_Ks  B_ND-H    D_Y2    D_Y3    D_J2    D_J3    D_H2    D_H3    D_H4    D_K1    D_K2   N_BrG    N_CO  N_CntH  N_CntJ  N_CntK1  N_CntK2  N_FeII    N_H2   N_HeI   N_PaB 
  0.0200    473.0  -6.401  4.786   0.095  20.122  19.450  19.759  21.676  19.751  19.925  19.824  21.351  18.259  18.632  21.191  21.594  21.093  23.319  21.340  23.752  18.130  19.592   21.043   23.812  20.688  21.112  19.850  18.315 
  0.0300    610.0  -6.008  5.011   0.090  18.605  17.827  18.152  19.074  18.147  18.546  18.201  19.170  16.768  17.212  19.019  19.395  18.523  20.421  18.780  20.740  16.827  17.704   18.459   20.781  18.593  18.535  18.123  16.817 
  0.0400    760.0  -5.670  5.179   0.085  17.480  16.679  16.925  17.283  16.921  17.505  17.042  17.697  15.726  16.141  17.435  17.835  16.797  18.314  17.008  18.564  15.872  16.464   16.741   18.558  17.068  16.800  16.927  15.746 
  0.0500    931.0  -5.353  5.313   0.082  16.530  15.719  15.843  15.944  15.839  16.636  16.079  16.467  14.872  15.192  16.047  16.482  15.537  16.659  15.688  16.842  15.038  15.476   15.497   16.804  15.749  15.532  15.936  14.840 
  0.0600   1120.0  -5.058  5.418   0.079  15.823  15.087  14.789  14.740  14.784  15.950  15.452  15.504  14.435  14.281  14.748  15.216  14.431  15.183  14.493  15.347  14.234  14.848   14.414   15.270  14.539  14.412  15.336  14.376 
  0.0700   1524.0  -4.504  5.466   0.081  15.440  14.522  13.317  12.489  13.312  15.573  15.221  14.701  14.265  13.294  13.152  13.126  12.486  12.440  12.369  12.505  13.344  14.554   12.516   12.411  13.183  12.455  15.147  14.179 
  0.0720   1712.0  -4.278  5.453   0.083  14.795  13.867  12.802  12.019  12.797  14.966  14.569  14.065  13.633  12.783  12.612  12.623  12.059  11.930  11.917  11.969  12.845  13.891   12.098   11.897  12.650  12.024  14.450  13.533 
  0.0750   2006.0  -3.942  5.411   0.089  13.509  12.489  11.793  11.396  11.787  13.804  13.225  12.763  12.191  11.713  11.463  11.732  11.447  11.282  11.256  11.350  11.821  12.469   11.509   11.246  11.503  11.391  12.997  12.071 
  0.0800   2320.0  -3.603  5.353   0.099  12.095  11.450  10.944  10.642  10.937  12.180  11.897  11.658  11.188  10.876  10.622  10.881  10.724  10.498  10.497  10.555  10.979  11.393   10.801   10.455  10.666  10.662  11.712  11.082 
  0.0900   2622.0  -3.275  5.289   0.113  11.428  10.789  10.231   9.903  10.226  11.554  11.238  10.939  10.599  10.203   9.983  10.128  10.013   9.757   9.803   9.765  10.283  10.783   10.079    9.711  10.027   9.970  11.113  10.513 
  0.1000   2785.0  -3.083  5.247   0.125  10.966  10.372   9.805   9.485   9.801  11.083  10.791  10.497  10.210   9.790   9.599   9.695   9.588   9.354   9.406   9.347   9.856  10.382    9.642    9.312   9.637   9.556  10.697  10.133 


---------------------------------------------------------------------------------------------------------------------------------------------------------------------------------------------------------------------------------------
t (Gyr) =  10.000
---------------------------------------------------------------------------------------------------------------------------------------------------------------------------------------------------------------------------------------
    mass     Teff    logL   logg  radius     B_Y     B_J     B_H    B_Ks  B_ND-H    D_Y2    D_Y3    D_J2    D_J3    D_H2    D_H3    D_H4    D_K1    D_K2   N_BrG    N_CO  N_CntH  N_CntJ  N_CntK1  N_CntK2  N_FeII    N_H2   N_HeI   N_PaB 
  0.0300    504.0  -6.358  5.029   0.088  19.870  19.213  19.488  21.287  19.479  19.679  19.586  20.844  18.065  18.389  20.607  21.015  20.719  22.777  20.924  23.148  17.952  19.259   20.680   23.225  20.140  20.729  19.591  18.077 
  0.0400    634.0  -6.004  5.200   0.083  18.592  17.808  18.089  19.004  18.084  18.530  18.208  19.013  16.785  17.192  18.818  19.184  18.479  20.225  18.699  20.508  16.846  17.665   18.426   20.553  18.421  18.488  18.128  16.804 
  0.0500    776.0  -5.695  5.338   0.079  17.560  16.736  16.953  17.380  16.949  17.589  17.129  17.667  15.808  16.195  17.397  17.800  16.924  18.296  17.100  18.513  15.948  16.512   16.878   18.517  17.049  16.926  17.012  15.809 
  0.0600    941.0  -5.393  5.450   0.076  16.650  15.815  15.949  16.096  15.945  16.762  16.198  16.535  14.977  15.314  16.132  16.558  15.705  16.766  15.840  16.935  15.166  15.571   15.669   16.908  15.847  15.701  16.052  14.938 
  0.0720   1556.0  -4.472  5.481   0.081  15.450  14.507  13.291  12.416  13.286  15.588  15.232  14.695  14.262  13.283  13.131  13.085  12.438  12.347  12.315  12.389  13.335  14.554   12.469   12.315  13.167  12.410  15.154  14.173 
  0.0750   1997.0  -3.954  5.415   0.089  13.585  12.551  11.831  11.420  11.825  13.881  13.301  12.829  12.251  11.751  11.502  11.767  11.469  11.308  11.281  11.376  11.859  12.534   11.530   11.273  11.543  11.414  13.073  12.131 
  0.0800   2322.0  -3.602  5.353   0.099  12.099  11.449  10.940  10.638  10.934  12.188  11.899  11.657  11.188  10.873  10.619  10.877  10.721  10.494  10.494  10.551  10.976  11.393   10.798   10.451  10.663  10.659  11.715  11.082 
  0.0900   2624.0  -3.274  5.289   0.113  11.420  10.785  10.228   9.901  10.223  11.544  11.231  10.934  10.595  10.201   9.981  10.125  10.010   9.755   9.801   9.762  10.280  10.779   10.076    9.709  10.024   9.967  11.107  10.509 
  0.1000   2786.0  -3.082  5.246   0.125  10.964  10.371   9.804   9.484   9.799  11.081  10.789  10.496  10.209   9.789   9.598   9.693   9.587   9.353   9.405   9.346   9.855  10.381    9.641    9.311   9.636   9.555  10.696  10.132 
