9.574779868125915527e-01
9.718620181083679199e-01
9.867789745330810547e-01
1.002200007438659668e+00
1.018100023269653320e+00
1.034440040588378906e+00
1.051200032234191895e+00
1.068339943885803223e+00
1.085850000381469727e+00
1.103690028190612793e+00
1.121829986572265625e+00
1.140249967575073242e+00
1.158910036087036133e+00
1.177790045738220215e+00
1.196849942207336426e+00
1.216070055961608887e+00
1.235419988632202148e+00
1.254879951477050781e+00
1.274399995803833008e+00
1.293969988822937012e+00
1.313549995422363281e+00
1.333119988441467285e+00
1.352650046348571777e+00
1.372099995613098145e+00
1.391459941864013672e+00
1.410680055618286133e+00
1.429749965667724609e+00
1.448629975318908691e+00
1.467290043830871582e+00
1.485710024833679199e+00
1.503859996795654297e+00
1.521700024604797363e+00
1.539219975471496582e+00
1.556370019912719727e+00
1.573140025138854980e+00
1.589490056037902832e+00
1.605389952659606934e+00
1.620820045471191406e+00
1.635750055313110352e+00
