9.575570225715637207e-01
9.659500122070312500e-01
9.745720028877258301e-01
9.834070205688476562e-01
9.924430251121520996e-01
1.001670002937316895e+00
1.011070013046264648e+00
1.020640015602111816e+00
1.030359983444213867e+00
1.040210008621215820e+00
1.050189971923828125e+00
1.060289978981018066e+00
1.070479989051818848e+00
1.080760002136230469e+00
1.091109991073608398e+00
1.101529955863952637e+00
1.111989974975585938e+00
1.122499942779541016e+00
1.133020043373107910e+00
1.143560051918029785e+00
1.154090046882629395e+00
1.164610028266906738e+00
1.175099968910217285e+00
1.185549974441528320e+00
1.195950031280517578e+00
1.206279993057250977e+00
1.216539978981018066e+00
1.226699948310852051e+00
1.236760020256042480e+00
1.246700048446655273e+00
1.256520032882690430e+00
1.266190052032470703e+00
1.275699973106384277e+00
1.285050034523010254e+00
1.294219970703125000e+00
1.303189992904663086e+00
1.311969995498657227e+00
1.320520043373107910e+00
1.328840017318725586e+00
